  1.000000000000000E-003  4.251289369291782E-010
   5.02612060301508       1.070658012242461E-002
   10.0512412060302       4.242483148008313E-002
   15.0763618090452       9.399547842971373E-002
   20.1014824120603       0.163550357565749     
   25.1266030150754       0.248605341602649     
   30.1517236180905       0.346184346264751     
   35.1768442211055       0.452967718544045     
   40.2019648241206       0.565456024286520     
   45.2270854271357       0.680138392483995     
   50.2522060301508       0.793653636609081     
   55.2773266331658       0.902932752531746     
   60.3024472361809        1.00531321789038     
   65.3275678391960        1.09861858556444     
   70.3526884422111        1.18120067635859     
   75.3778090452261        1.25194557640132     
   80.4029296482412        1.31024799551283     
   85.4280502512563        1.35596088176606     
   90.4531708542714        1.38932831335306     
   95.4782914572864        1.41090966086110     
   100.503412060302        1.42150208277376     
   105.528532663317        1.42206692929534     
   110.553653266332        1.41366392851023     
   115.578773869347        1.39739539235472     
   120.603894472362        1.37436129008087     
   125.629015075377        1.34562498085440     
   130.654135678392        1.31218868594778     
   135.679256281407        1.27497737607935     
   140.704376884422        1.23482958735943     
   145.729497487437        1.19249369069249     
   150.754618090452        1.14862826115928     
   155.779738693467        1.10380537472728     
   160.804859296482        1.05851586210924     
   165.829979899497        1.01317574872602     
   170.855100502513       0.968133290752180     
   175.880221105528       0.923676172901807     
   180.905341708543       0.880038561861630     
   185.930462311558       0.837407811188150     
   190.955582914573       0.795930691880879     
   195.980703517588       0.755719081281381     
   201.005824120603       0.716855085093653     
   206.030944723618       0.679395596584295     
   211.056065326633       0.643376316378959     
   216.081185929648       0.608815268211593     
   221.106306532663       0.575715852513500     
   226.131427135678       0.544069482426368     
   231.156547738693       0.513857846896207     
   236.181668341709       0.485054843858400     
   241.206788944724       0.457628223822775     
   246.231909547739       0.431540980887135     
   251.257030150754       0.406752524680371     
   256.282150753769       0.383219663187325     
   261.307271356784       0.360897422981981     
   266.332391959799       0.339739730182666     
   271.357512562814       0.319699972490730     
   276.382633165829       0.300731460003301     
   281.407753768844       0.282787800103259     
   286.432874371859       0.265823199615448     
   291.457994974874       0.249792705560255     
   296.483115577889       0.234652394213007     
   301.508236180905       0.220359516767576     
   306.533356783920       0.206872608682319     
   311.558477386935       0.194151568734187     
   316.583597989950       0.182157712902060     
   321.608718592965       0.170853807424304     
   326.633839195980       0.160204084711228     
   331.658959798995       0.150174245225606     
   336.684080402010       0.140731447960144     
   341.709201005025       0.131844291728291     
   346.734321608040       0.123482789133640     
   351.759442211055       0.115618334784740     
   356.784562814070       0.108223669068566     
   361.809683417085       0.101272838580824     
   366.834804020100       9.474115412876455E-002
   371.859924623116       8.860514706769386E-002
   376.885045226131       8.284252460146274E-002
   381.910165829146       7.743212456659201E-002
   386.935286432161       7.235387012611956E-002
   391.960407035176       6.758872472032339E-002
   396.985527638191       6.311864755487498E-002
   402.010648241206       5.892654985090124E-002
   407.035768844221       5.499625203426379E-002
   412.060889447236       5.131244200178184E-002
   417.086010050251       4.786063456893149E-002
   422.111130653266       4.462713217584698E-002
   427.136251256281       4.159898690530853E-002
   432.161371859296       3.876396384723028E-002
   437.186492462312       3.611050582824549E-002
   442.211613065327       3.362769951192712E-002
   447.236733668342       3.130524286446484E-002
   452.261854271357       2.913341397192543E-002
   457.286974874372       2.710304118821824E-002
   462.312095477387       2.520547458731583E-002
   467.337216080402       2.343255868891534E-002
   472.362336683417       2.177660642337010E-002
   477.387457286432       2.023037429921759E-002
   482.412577889447       1.878703873484043E-002
   487.437698492462       1.744017351460093E-002
   492.462819095477       1.618372832908098E-002
   497.487939698492       1.501200835877041E-002
   502.513060301507       1.391965486058445E-002
   507.538180904523       1.290162671690533E-002
   512.563301507538       1.195318290738492E-002
   517.588422110553       1.106986586445777E-002
   522.613542713568       1.024748567437283E-002
   527.638663316583       9.482105086516425E-003
   532.663783919598       8.770025294850031E-003
   537.688904522613       8.107772456391013E-003
   542.714025125628       7.492084912818148E-003
   547.739145728643       6.919901082455899E-003
   552.764266331658       6.388347991080887E-003
   557.789386934673       5.894730411182995E-003
   562.814507537688       5.436520580496586E-003
   567.839628140704       5.011348471785940E-003
   572.864748743719       4.616992587017342E-003
   577.889869346734       4.251371250175784E-003
   582.914989949749       3.912534374080445E-003
   587.940110552764       3.598655677619575E-003
   592.965231155779       3.308025330859950E-003
   597.990351758794       3.039043006486362E-003
   603.015472361809       2.790211316993050E-003
   608.040592964824       2.560129617980563E-003
   613.065713567839       2.347488158808382E-003
   618.090834170854       2.151062562716365E-003
   623.115954773869       1.969708619356361E-003
   628.141075376884       1.802357373471016E-003
   633.166195979899       1.648010494219296E-003
   638.191316582915       1.505735910380115E-003
   643.216437185930       1.374663697365745E-003
   648.241557788945       1.253982202648528E-003
   653.266678391960       1.142934396846541E-003
   658.291798994975       1.040814438330010E-003
   663.316919597990       9.469644397984957E-004
   668.342040201005       8.607714258430882E-004
   673.367160804020       7.816644710469427E-004
   678.392281407035       7.091120086933390E-004
   683.417402010050       6.426193006443644E-004
   688.442522613065       5.817260594250052E-004
   693.467643216080       5.260042139991739E-004
   698.492763819095       4.750558111557297E-004
   703.517884422111       4.285110448351629E-004
   708.543005025126       3.860264061221226E-004
   713.568125628141       3.472829470056892E-004
   718.593246231156       3.119846513693207E-004
   723.618366834171       2.798569070160996E-004
   728.643487437186       2.506450728630738E-004
   733.668608040201       2.241131357515219E-004
   738.693728643216       2.000424516185565E-004
   743.718849246231       1.782305660601923E-004
   748.743969849246       1.584901095871391E-004
   753.769090452261       1.406477631329088E-004
   758.794211055276       1.245432896195649E-004
   763.819331658292       1.100286276202869E-004
   768.844452261307       9.696704338009302E-005
   773.869572864322       8.523233766720298E-005
   778.894693467337       7.470810412791310E-005
   783.919814070352       6.528703600795645E-005
   788.944934673367       5.687027828359111E-005
   793.970055276382       4.936682241640973E-005
   798.995175879397       4.269294110754642E-005
   804.020296482412       3.677166057995920E-005
   809.045417085427       3.153226806212018E-005
   814.070537688442       2.690985228317383E-005
   819.095658291457       2.284487491876524E-005
   824.120778894472       1.928277104863802E-005
   829.145899497487       1.617357680214380E-005
   834.171020100502       1.347158247628579E-005
   839.196140703518       1.113500951320144E-005
   844.221261306533       9.125709820380631E-006
   849.246381909548       7.408886007728339E-006
   854.271502512563       5.952831201119044E-006
   859.296623115578       4.728687172641611E-006
   864.321743718593       3.710219603580463E-006
   869.346864321608       2.873609367585261E-006
   874.371984924623       2.197258788706906E-006
   879.397105527638       1.661611892267488E-006
   884.422226130653       1.248987726114655E-006
   889.447346733668       9.434258859124294E-007
   894.472467336683       7.305434309471448E-007
   899.497587939699       5.974024266770588E-007
   904.522708542714       5.323873971139396E-007
   909.547829145729       5.250920142686351E-007
   914.572949748744       5.662143934849834E-007
   919.598070351759       6.474604026803417E-007
   924.623190954774       7.614544304504659E-007
   929.648311557789       9.016570928148648E-007
   934.673432160804       1.062289391201015E-006
   939.698552763819       1.238262865207740E-006
   944.723673366834       1.425115312857824E-006
   949.748793969849       1.618951678547854E-006
   954.773914572864       1.816389734822062E-006
   959.799035175879       2.014510208524353E-006
   964.824155778894       2.210811024898680E-006
   969.849276381910       2.403165364887773E-006
   974.874396984925       2.589783251294312E-006
   979.899517587940       2.769176398683204E-006
   984.924638190955       2.940126079977830E-006
   989.949758793970       3.101653779698720E-006
   994.974879396985       3.252994419759743E-006
   1000.00000000000       3.393571958730250E-006
