  1.000000000000000E-003  5.962936352910990E-010
   5.02612060301508       1.501209153999456E-002
   10.0512412060302       5.942251274898645E-002
   15.0763618090452       0.131411037748729     
   20.1014824120603       0.228017541666306     
   25.1266030150754       0.345261158493392     
   30.1517236180905       0.478320146645908     
   35.1768442211055       0.621775265384826     
   40.2019648241206       0.769909201556549     
   45.2270854271357       0.917041648789497     
   50.2522060301508        1.05786804082551     
   55.2773266331658        1.18776392045263     
   60.3024472361809        1.30301924903665     
   65.3275678391960        1.40097762388441     
   70.3526884422111        1.48007147773054     
   75.3778090452261        1.53976128743489     
   80.4029296482412        1.58040018058256     
   85.4280502512563        1.60305240270771     
   90.4531708542714        1.60929453343276     
   95.4782914572864        1.60102364914330     
   100.503412060302        1.58028923643428     
   105.528532663317        1.54915786747468     
   110.553653266332        1.50961304877487     
   115.578773869347        1.46348798712636     
   120.603894472362        1.41242633085580     
   125.629015075377        1.35786488592310     
   130.654135678392        1.30103237310045     
   135.679256281407        1.24295900776388     
   140.704376884422        1.18449267792321     
   145.729497487437        1.12631852380761     
   150.754618090452        1.06897964584016     
   155.779738693467        1.01289742737292     
   160.804859296482       0.958390543490763     
   165.829979899497       0.905692153518426     
   170.855100502513       0.854965069868085     
   175.880221105528       0.806314888936297     
   180.905341708543       0.759801187632760     
   185.930462311558       0.715446953938877     
   190.955582914573       0.673246448866155     
   195.980703517588       0.633171703081468     
   201.005824120603       0.595177843390553     
   206.030944723618       0.559207428479760     
   211.056065326633       0.525193953952453     
   216.081185929648       0.493064666391908     
   221.106306532663       0.462742806514239     
   226.131427135678       0.434149383315548     
   231.156547738693       0.407204564874742     
   236.181668341709       0.381828757268912     
   241.206788944724       0.357943430837721     
   246.231909547739       0.335471742651391     
   251.257030150754       0.314338995300470     
   256.282150753769       0.294472964829940     
   261.307271356784       0.275804124584075     
   266.332391959799       0.258265786725681     
   271.357512562814       0.241794179077020     
   276.382633165829       0.226328471554053     
   281.407753768844       0.211810763704687     
   286.432874371859       0.198186042609105     
   291.457994974874       0.185402118566056     
   296.483115577889       0.173409544498196     
   301.508236180905       0.162161523800149     
   306.533356783920       0.151613810373185     
   311.558477386935       0.141724603798254     
   316.583597989950       0.132454441959503     
   321.608718592965       0.123766092915104     
   326.633839195980       0.115624447397830     
   331.658959798995       0.107996412995263     
   336.684080402010       0.100850810793583     
   341.709201005025       9.415827505654761E-002
   346.734321608040       8.789115634268282E-002
   351.759442211055       8.202342833016983E-002
   356.784562814070       7.653059851388352E-002
   361.809683417085       7.138962285687822E-002
   366.834804020100       6.657882441491007E-002
   371.859924623116       6.207781590367589E-002
   376.885045226131       5.786742614143228E-002
   381.910165829146       5.392963027211276E-002
   386.935286432161       5.024748365409358E-002
   391.960407035176       4.680505928578786E-002
   396.985527638191       4.358738863003178E-002
   402.010648241206       4.058040569373201E-002
   407.035768844221       3.777089421667369E-002
   412.060889447236       3.514643782306060E-002
   417.086010050251       3.269537299076691E-002
   422.111130653266       3.040674469599041E-002
   427.136251256281       2.827026459466467E-002
   432.161371859296       2.627627160636204E-002
   437.186492462312       2.441569477126928E-002
   442.211613065327       2.268001825598285E-002
   447.236733668342       2.106124838922479E-002
   452.261854271357       1.955188261399884E-002
   457.286974874372       1.814488024814007E-002
   462.312095477387       1.683363495057397E-002
   467.337216080402       1.561194879585788E-002
   472.362336683417       1.447400786469414E-002
   477.387457286432       1.341435926305501E-002
   482.412577889447       1.242788948732709E-002
   487.437698492462       1.150980405745809E-002
   492.462819095477       1.065560834446220E-002
   497.487939698492       9.861089522814101E-003
   502.513060301507       9.122299582232084E-003
   507.538180904523       8.435539337121142E-003
   512.563301507538       7.797343375523201E-003
   517.588422110553       7.204465892804857E-003
   522.613542713568       6.653867358515684E-003
   527.638663316583       6.142701967870855E-003
   532.663783919598       5.668305832165223E-003
   537.688904522613       5.228185865114894E-003
   542.714025125628       4.820009324653992E-003
   547.739145728643       4.441593972101445E-003
   552.764266331658       4.090898812853590E-003
   557.789386934673       3.766015384870697E-003
   562.814507537688       3.465159563207529E-003
   567.839628140704       3.186663850703342E-003
   572.864748743719       2.928970126696358E-003
   577.889869346734       2.690622827274012E-003
   582.914989949749       2.470262532113750E-003
   587.940110552764       2.266619934420134E-003
   592.965231155779       2.078510171826038E-003
   597.990351758794       1.904827497404509E-003
   603.015472361809       1.744540271139297E-003
   608.040592964824       1.596686253330135E-003
   613.065713567839       1.460368182469116E-003
   618.090834170854       1.334749621120585E-003
   623.115954773869       1.219051054273321E-003
   628.141075376884       1.112546225514740E-003
   633.166195979899       1.014558697204949E-003
   638.191316582915       9.244586216085719E-004
   643.216437185930       8.416597106762566E-004
   648.241557788945       7.656163928596660E-004
   653.266678391960       6.958211459954307E-004
   658.291798994975       6.318019959086232E-004
   663.316919597990       5.731201709661769E-004
   668.342040201005       5.193679033582578E-004
   673.367160804020       4.701663684027833E-004
   678.392281407035       4.251637536567439E-004
   683.417402010050       3.840334500799911E-004
   688.442522613065       3.464723579337435E-004
   693.467643216080       3.121993005093362E-004
   698.492763819095       2.809535391735596E-004
   703.517884422111       2.524933835870647E-004
   708.543005025126       2.265948913024927E-004
   713.568125628141       2.030506512807268E-004
   718.593246231156       1.816686461776517E-004
   723.618366834171       1.622711885511802E-004
   728.643487437186       1.446939264198457E-004
   733.668608040201       1.287849138708311E-004
   738.693728643216       1.144037426675720E-004
   743.718849246231       1.014207310458766E-004
   748.743969849246       8.971616611336535E-005
   753.769090452261       7.917959648067113E-005
   758.794211055276       6.970917195478770E-005
   763.819331658292       6.121102731579335E-005
   768.844452261307       5.359870737841447E-005
   773.869572864322       4.679263071002866E-005
   778.894693467337       4.071958953726107E-005
   783.919814070352       3.531228352467182E-005
   788.944934673367       3.050888525172118E-005
   793.970055276382       2.625263534854695E-005
   798.995175879397       2.249146537758209E-005
   804.020296482412       1.917764666703802E-005
   809.045417085427       1.626746341416966E-005
   814.070537688442       1.372090848139105E-005
   819.095658291457       1.150140040708510E-005
   824.120778894472       9.575520245687031E-006
   829.145899497487       7.912766938652471E-006
   834.171020100502       6.485329999568568E-006
   839.196140703518       5.267878373241942E-006
   844.221261306533       4.237364400389517E-006
   849.246381909548       3.372841886861661E-006
   854.271502512563       2.655297339405166E-006
   859.296623115578       2.067493489094088E-006
   864.321743718593       1.593824278962061E-006
   869.346864321608       1.220180544299309E-006
   874.371984924623       9.338256627523713E-007
   879.397105527638       7.232804969987540E-007
   884.422226130653       5.782169955577183E-007
   889.447346733668       4.893598574332007E-007
   894.472467336683       4.483957039388841E-007
   899.497587939699       4.478892363939921E-007
   904.522708542714       4.812058915550231E-007
   909.547829145729       5.424405378060979E-007
   914.572949748744       6.263517844017342E-007
   919.598070351759       7.283015035640940E-007
   924.623190954774       8.441991910957053E-007
   929.648311557789       9.704508154843182E-007
   934.673432160804       1.103911828345552E-006
   939.698552763819       1.241844030561674E-006
   944.723673366834       1.381876008713533E-006
   949.748793969849       1.521966875443820E-006
   954.773914572864       1.660373065303314E-006
   959.799035175879       1.795617954482893E-006
   964.824155778894       1.926464088682201E-006
   969.849276381910       2.051887818266220E-006
   974.874396984925       2.171056153865296E-006
   979.899517587940       2.283305668729395E-006
   984.924638190955       2.388123286498021E-006
   989.949758793970       2.485128804634958E-006
   994.974879396985       2.574059014640567E-006
   1000.00000000000       2.654753290329691E-006
