  1.000000000000000E-003  7.119403187307096E-010
   5.02612060301508       1.792545078147563E-002
   10.0512412060302       7.097379937394080E-002
   15.0763618090452       0.157006141949980     
   20.1014824120603       0.272475162246566     
   25.1266030150754       0.412486639656464     
   30.1517236180905       0.570945307872719     
   35.1768442211055       0.740819681882149     
   40.2019648241206       0.914538954588936     
   45.2270854271357        1.08450050116120     
   50.2522060301508        1.24362908335164     
   55.2773266331658        1.38590272494791     
   60.3024472361809        1.50675746584435     
   65.3275678391960        1.60330698202436     
   70.3526884422111        1.67435522316981     
   75.3778090452261        1.72022519051440     
   80.4029296482412        1.74245968946502     
   85.4280502512563        1.74346251375957     
   90.4531708542714        1.72614222310705     
   95.4782914572864        1.69360266333610     
   100.503412060302        1.64890315332326     
   105.528532663317        1.59489312260852     
   110.553653266332        1.53411382235023     
   115.578773869347        1.46875364319954     
   120.603894472362        1.40064213050075     
   125.629015075377        1.33126917551718     
   130.654135678392        1.26181853903146     
   135.679256281407        1.19320779076556     
   140.704376884422        1.12612935763402     
   145.729497487437        1.06108944069543     
   150.754618090452       0.998443063426525     
   155.779738693467       0.938424529761608     
   160.804859296482       0.881173208511161     
   165.829979899497       0.826754927467812     
   170.855100502513       0.775179443896555     
   175.880221105528       0.726414524924749     
   180.905341708543       0.680397168892535     
   185.930462311558       0.637042458759168     
   190.955582914573       0.596250481483160     
   195.980703517588       0.557911685186384     
   201.005824120603       0.521910985816630     
   206.030944723618       0.488130880462198     
   211.056065326633       0.456453776879628     
   216.081185929648       0.426763708391128     
   221.106306532663       0.398947569661907     
   226.131427135678       0.372895981243856     
   231.156547738693       0.348503868334374     
   236.181668341709       0.325670821123484     
   241.206788944724       0.304301289634525     
   246.231909547739       0.284304654442747     
   251.257030150754       0.265595205520048     
   256.282150753769       0.248092054234587     
   261.307271356784       0.231718997845814     
   266.332391959799       0.216404351365801     
   271.357512562814       0.202080758154447     
   276.382633165829       0.188684987876787     
   281.407753768844       0.176157728314240     
   286.432874371859       0.164443375859876     
   291.457994974874       0.153489828239310     
   296.483115577889       0.143248282003201     
   301.508236180905       0.133673036571293     
   306.533356783920       0.124721306021573     
   311.558477386935       0.116353039371955     
   316.583597989950       0.108530749765242     
   321.608718592965       0.101219352716474     
   326.633839195980       9.438601339618272E-002
   331.658959798995       8.800000278855144E-002
   336.684080402010       8.203256246827272E-002
   341.709201005025       7.645677767487558E-002
   346.734321608040       7.124745832127212E-002
   351.759442211055       6.638102754864135E-002
   356.784562814070       6.183541742818335E-002
   361.809683417085       5.758997140838838E-002
   366.834804020100       5.362535311156394E-002
   371.859924623116       4.992346109354984E-002
   376.885045226131       4.646734919415665E-002
   381.910165829146       4.324115212179455E-002
   386.935286432161       4.023001593305239E-002
   391.960407035176       3.742003308600828E-002
   396.985527638191       3.479818176428567E-002
   402.010648241206       3.235226918694386E-002
   407.035768844221       3.007087863695090E-002
   412.060889447236       2.794331995805582E-002
   417.086010050251       2.595958328621384E-002
   422.111130653266       2.411029579727390E-002
   427.136251256281       2.238668126734809E-002
   432.161371859296       2.078052225615261E-002
   437.186492462312       1.928412473663230E-002
   442.211613065327       1.789028500637610E-002
   447.236733668342       1.659225872773394E-002
   452.261854271357       1.538373195418026E-002
   457.286974874372       1.425879401037658E-002
   462.312095477387       1.321191210261563E-002
   467.337216080402       1.223790754490009E-002
   472.362336683417       1.133193349388742E-002
   477.387457286432       1.048945409333578E-002
   482.412577889447       9.706224935567314E-003
   487.437698492462       8.978274753850312E-003
   492.462819095477       8.301888265533216E-003
   497.487939698492       7.673590091268461E-003
   502.513060301507       7.090129680775343E-003
   507.538180904523       6.548467180336694E-003
   512.563301507538       6.045760181629183E-003
   517.588422110553       5.579351295578901E-003
   522.613542713568       5.146756498733395E-003
   527.638663316583       4.745654203168741E-003
   532.663783919598       4.373875004230124E-003
   537.688904522613       4.029392063447422E-003
   542.714025125628       3.710312086798592E-003
   547.739145728643       3.414866861122072E-003
   552.764266331658       3.141405313923575E-003
   557.789386934673       2.888386064095400E-003
   562.814507537688       2.654370433177765E-003
   567.839628140704       2.438015888757339E-003
   572.864748743719       2.238069893425274E-003
   577.889869346734       2.053364134417349E-003
   582.914989949749       1.882809110642036E-003
   587.940110552764       1.725389055275080E-003
   592.965231155779       1.580157173472006E-003
   597.990351758794       1.446231176028231E-003
   603.015472361809       1.322789091008113E-003
   608.040592964824       1.209065336475597E-003
   613.065713567839       1.104347038495787E-003
   618.090834170854       1.007970579544483E-003
   623.115954773869       9.193183633664858E-004
   628.141075376884       8.378157831682044E-004
   633.166195979899       7.629283808197552E-004
   638.191316582915       6.941591854809661E-004
   643.216437185930       6.310462207573982E-004
   648.241557788945       5.731601701411808E-004
   653.266678391960       5.201021910989962E-004
   658.291798994975       4.715018687402264E-004
   663.316919597990       4.270153005335789E-004
   668.342040201005       3.863233040437071E-004
   673.367160804020       3.491297401323714E-004
   678.392281407035       3.151599445135748E-004
   683.417402010050       2.841592609709981E-004
   688.442522613065       2.558916699404570E-004
   693.467643216080       2.301385065318047E-004
   698.492763819095       2.066972624149757E-004
   703.517884422111       1.853804663253246E-004
   708.543005025126       1.660146382550086E-004
   713.568125628141       1.484393126912386E-004
   718.593246231156       1.325061265397242E-004
   723.618366834171       1.180779676335465E-004
   728.643487437186       1.050281799749208E-004
   733.668608040201       9.323982209060869E-005
   738.693728643216       8.260497510194328E-005
   743.718849246231       7.302409731820293E-005
   748.743969849246       6.440542235804709E-005
   753.769090452261       5.666439798857495E-005
   758.794211055276       4.972316304580439E-005
   763.819331658292       4.351005996458151E-005
   768.844452261307       3.795918060059232E-005
   773.869572864322       3.300994317274876E-005
   778.894693467337       2.860669829126110E-005
   783.919814070352       2.469836216553740E-005
   788.944934673367       2.123807520719491E-005
   793.970055276382       1.818288435722513E-005
   798.995175879397       1.549344757318599E-005
   804.020296482412       1.313375901252399E-005
   809.045417085427       1.107089354212901E-005
   814.070537688442       9.274769292336478E-006
   819.095658291457       7.717927056137474E-006
   824.120778894472       6.375325411662357E-006
   829.145899497487       5.224150518362885E-006
   834.171020100502       4.243639605033298E-006
   839.196140703518       3.414917231155004E-006
   844.221261306533       2.720843462295858E-006
   849.246381909548       2.145873155699038E-006
   854.271502512563       1.675925604001707E-006
   859.296623115578       1.298263833465263E-006
   864.321743718593       1.001382898396862E-006
   869.346864321608       7.749065558056869E-007
   874.371984924623       6.094917439644466E-007
   879.397105527638       4.967403256247034E-007
   884.422226130653       4.291175913359297E-007
   889.447346733668       3.998770508090823E-007
   894.472467336683       4.029910706971387E-007
   899.497587939699       4.330869456807361E-007
   904.522708542714       4.853880164789013E-007
   909.547829145729       5.556594734757519E-007
   914.572949748744       6.401585081772856E-007
   919.598070351759       7.355884967930569E-007
   924.623190954774       8.390569209718368E-007
   929.648311557789       9.480367501976698E-007
   934.673432160804       1.060331028653995E-006
   939.698552763819       1.174040426564204E-006
   944.723673366834       1.287533532185933E-006
   949.748793969849       1.399419675835763E-006
   954.773914572864       1.508524091610242E-006
   959.799035175879       1.613865235899559E-006
   964.824155778894       1.714634094412332E-006
   969.849276381910       1.810175321287708E-006
   974.874396984925       1.899970065006306E-006
   979.899517587940       1.983620346263100E-006
   984.924638190955       2.060834862768441E-006
   989.949758793970       2.131416105131893E-006
   994.974879396985       2.195248676588294E-006
   1000.00000000000       2.252288717376118E-006
