0.25 0.456214
0.251 0.456956
0.252 0.457699
0.253 0.458443
0.254 0.459187
0.255 0.459933
0.256 0.46068
0.257 0.461427
0.258 0.462176
0.259 0.462926
0.26 0.463676
0.261 0.464428
0.262 0.46518
0.263 0.465934
0.264 0.466688
0.265 0.467444
0.266 0.4682
0.267 0.468957
0.268 0.469716
0.269 0.470475
0.27 0.471235
0.271 0.471996
0.272 0.472759
0.273 0.473522
0.274 0.474286
0.275 0.475051
0.276 0.475817
0.277 0.476585
0.278 0.477353
0.279 0.478122
0.28 0.478892
0.281 0.479663
0.282 0.480435
0.283 0.481208
0.284 0.481982
0.285 0.482757
0.286 0.483533
0.287 0.48431
0.288 0.485088
0.289 0.485867
0.29 0.486647
0.291 0.487427
0.292 0.488209
0.293 0.488992
0.294 0.489776
0.295 0.490561
0.296 0.491347
0.297 0.492133
0.298 0.492921
0.299 0.49371
0.3 0.4945
0.301 0.49529
0.302 0.496082
0.303 0.496875
0.304 0.497669
0.305 0.498463
0.306 0.499259
0.307 0.500056
0.308 0.500853
0.309 0.501652
0.31 0.502452
0.311 0.503252
0.312 0.504054
0.313 0.504857
0.314 0.50566
0.315 0.506465
0.316 0.507271
0.317 0.508077
0.318 0.508885
0.319 0.509693
0.32 0.510503
0.321 0.511314
0.322 0.512125
0.323 0.512938
0.324 0.513751
0.325 0.514566
0.326 0.515382
0.327 0.516198
0.328 0.517016
0.329 0.517835
0.33 0.518654
0.331 0.519475
0.332 0.520296
0.333 0.521119
0.334 0.521943
0.335 0.522767
0.336 0.523593
0.337 0.524419
0.338 0.525247
0.339 0.526076
0.34 0.526905
0.341 0.527736
0.342 0.528568
0.343 0.5294
0.344 0.530234
0.345 0.531069
0.346 0.531904
0.347 0.532741
0.348 0.533579
0.349 0.534417
0.35 0.535257
0.351 0.536098
0.352 0.53694
0.353 0.537782
0.354 0.538626
0.355 0.539471
0.356 0.540317
0.357 0.541163
0.358 0.542011
0.359 0.54286
0.36 0.54371
0.361 0.544561
0.362 0.545413
0.363 0.546265
0.364 0.547119
0.365 0.547974
0.366 0.54883
0.367 0.549687
0.368 0.550545
0.369 0.551404
0.37 0.552264
0.371 0.553125
0.372 0.553987
0.373 0.55485
0.374 0.555714
0.375 0.556579
0.376 0.557445
0.377 0.558313
0.378 0.559181
0.379 0.56005
0.38 0.56092
0.381 0.561791
0.382 0.562664
0.383 0.563537
0.384 0.564411
0.385 0.565287
0.386 0.566163
0.387 0.56704
0.388 0.567919
0.389 0.568798
0.39 0.569679
0.391 0.57056
0.392 0.571443
0.393 0.572326
0.394 0.573211
0.395 0.574096
0.396 0.574983
0.397 0.57587
0.398 0.576759
0.399 0.577649
0.4 0.57854
0.401 0.579431
0.402 0.580324
0.403 0.581218
0.404 0.582113
0.405 0.583009
0.406 0.583906
0.407 0.584804
0.408 0.585703
0.409 0.586603
0.41 0.587504
0.411 0.588406
0.412 0.589309
0.413 0.590213
0.414 0.591119
0.415 0.592025
0.416 0.592932
0.417 0.59384
0.418 0.59475
0.419 0.59566
0.42 0.596572
0.421 0.597484
0.422 0.598398
0.423 0.599312
0.424 0.600228
0.425 0.601145
0.426 0.602062
0.427 0.602981
0.428 0.603901
0.429 0.604822
0.43 0.605743
0.431 0.606666
0.432 0.60759
0.433 0.608515
0.434 0.609441
0.435 0.610368
0.436 0.611297
0.437 0.612226
0.438 0.613156
0.439 0.614087
0.44 0.61502
0.441 0.615953
0.442 0.616887
0.443 0.617823
0.444 0.618759
0.445 0.619697
0.446 0.620636
0.447 0.621575
0.448 0.622516
0.449 0.623458
0.45 0.624401
0.451 0.625345
0.452 0.62629
0.453 0.627236
0.454 0.628183
0.455 0.629131
0.456 0.63008
0.457 0.63103
0.458 0.631981
0.459 0.632934
0.46 0.633887
0.461 0.634841
0.462 0.635797
0.463 0.636754
0.464 0.637711
0.465 0.63867
0.466 0.63963
0.467 0.64059
0.468 0.641552
0.469 0.642515
0.47 0.643479
0.471 0.644444
0.472 0.64541
0.473 0.646377
0.474 0.647346
0.475 0.648315
0.476 0.649285
0.477 0.650257
0.478 0.651229
0.479 0.652203
0.48 0.653177
0.481 0.654153
0.482 0.65513
0.483 0.656107
0.484 0.657086
0.485 0.658066
0.486 0.659047
0.487 0.660029
0.488 0.661012
0.489 0.661997
0.49 0.662982
0.491 0.663968
0.492 0.664956
0.493 0.665944
0.494 0.666934
0.495 0.667924
0.496 0.668916
0.497 0.669909
0.498 0.670903
0.499 0.671898
0.5 0.672894
0.501 0.673891
0.502 0.674889
0.503 0.675888
0.504 0.676888
0.505 0.67789
0.506 0.678892
0.507 0.679896
0.508 0.6809
0.509 0.681906
0.51 0.682913
0.511 0.683921
0.512 0.684929
0.513 0.685939
0.514 0.686951
0.515 0.687963
0.516 0.688976
0.517 0.68999
0.518 0.691006
0.519 0.692022
0.52 0.69304
0.521 0.694058
0.522 0.695078
0.523 0.696099
0.524 0.697121
0.525 0.698144
0.526 0.699168
0.527 0.700193
0.528 0.701219
0.529 0.702246
0.53 0.703275
0.531 0.704304
0.532 0.705335
0.533 0.706367
0.534 0.707399
0.535 0.708433
0.536 0.709468
0.537 0.710504
0.538 0.711541
0.539 0.712579
0.54 0.713619
0.541 0.714659
0.542 0.715701
0.543 0.716743
0.544 0.717787
0.545 0.718832
0.546 0.719877
0.547 0.720924
0.548 0.721972
0.549 0.723022
0.55 0.724072
0.551 0.725123
0.552 0.726176
0.553 0.727229
0.554 0.728284
0.555 0.729339
0.556 0.730396
0.557 0.731454
0.558 0.732513
0.559 0.733573
0.56 0.734634
0.561 0.735697
0.562 0.73676
0.563 0.737825
0.564 0.73889
0.565 0.739957
0.566 0.741025
0.567 0.742094
0.568 0.743164
0.569 0.744235
0.57 0.745307
0.571 0.74638
0.572 0.747455
0.573 0.74853
0.574 0.749607
0.575 0.750684
0.576 0.751763
0.577 0.752843
0.578 0.753924
0.579 0.755006
0.58 0.75609
0.581 0.757174
0.582 0.75826
0.583 0.759346
0.584 0.760434
0.585 0.761523
0.586 0.762613
0.587 0.763704
0.588 0.764796
0.589 0.765889
0.59 0.766983
0.591 0.768079
0.592 0.769176
0.593 0.770273
0.594 0.771372
0.595 0.772472
0.596 0.773573
0.597 0.774675
0.598 0.775779
0.599 0.776883
