0 0.15059
0.001 0.151621
0.002 0.152653
0.003 0.153686
0.004 0.154719
0.005 0.155752
0.006 0.156786
0.007 0.157821
0.008 0.158855
0.009 0.159891
0.01 0.160927
0.011 0.161963
0.012 0.163
0.013 0.164037
0.014 0.165075
0.015 0.166113
0.016 0.167152
0.017 0.168191
0.018 0.16923
0.019 0.17027
0.02 0.171311
0.021 0.172351
0.022 0.173393
0.023 0.174434
0.024 0.175477
0.025 0.176519
0.026 0.177562
0.027 0.178606
0.028 0.17965
0.029 0.180694
0.03 0.181739
0.031 0.182784
0.032 0.18383
0.033 0.184876
0.034 0.185922
0.035 0.186969
0.036 0.188016
0.037 0.189064
0.038 0.190112
0.039 0.191161
0.04 0.19221
0.041 0.193259
0.042 0.194309
0.043 0.195359
0.044 0.19641
0.045 0.19746
0.046 0.198512
0.047 0.199564
0.048 0.200616
0.049 0.201668
0.05 0.202721
0.051 0.203774
0.052 0.204828
0.053 0.205882
0.054 0.206936
0.055 0.207991
0.056 0.209046
0.057 0.210102
0.058 0.211158
0.059 0.212214
0.06 0.21327
0.061 0.214327
0.062 0.215385
0.063 0.216442
0.064 0.2175
0.065 0.218559
0.066 0.219618
0.067 0.220677
0.068 0.221736
0.069 0.222796
0.07 0.223856
0.071 0.224916
0.072 0.225977
0.073 0.227038
0.074 0.2281
0.075 0.229162
0.076 0.230224
0.077 0.231286
0.078 0.232349
0.079 0.233412
0.08 0.234476
0.081 0.235539
0.082 0.236603
0.083 0.237668
0.084 0.238732
0.085 0.239797
0.086 0.240863
0.087 0.241928
0.088 0.242994
0.089 0.244061
0.09 0.245127
0.091 0.246194
0.092 0.247261
0.093 0.248328
0.094 0.249396
0.095 0.250464
0.096 0.251532
0.097 0.252601
0.098 0.25367
0.099 0.254739
0.1 0.255808
0.101 0.256878
0.102 0.257948
0.103 0.259018
0.104 0.260089
0.105 0.261159
0.106 0.26223
0.107 0.263302
0.108 0.264373
0.109 0.265445
0.11 0.266517
0.111 0.26759
0.112 0.268662
0.113 0.269735
0.114 0.270808
0.115 0.271881
0.116 0.272955
0.117 0.274029
0.118 0.275103
0.119 0.276177
0.12 0.277252
0.121 0.278327
0.122 0.279402
0.123 0.280477
0.124 0.281552
0.125 0.282628
0.126 0.283704
0.127 0.28478
0.128 0.285856
0.129 0.286933
0.13 0.28801
0.131 0.289087
0.132 0.290164
0.133 0.291241
0.134 0.292319
0.135 0.293397
0.136 0.294475
0.137 0.295553
0.138 0.296632
0.139 0.29771
0.14 0.298789
0.141 0.299868
0.142 0.300947
0.143 0.302027
0.144 0.303106
0.145 0.304186
0.146 0.305266
0.147 0.306346
0.148 0.307426
0.149 0.308507
0.15 0.309588
0.151 0.310668
0.152 0.311749
0.153 0.312831
0.154 0.313912
0.155 0.314993
0.156 0.316075
0.157 0.317157
0.158 0.318239
0.159 0.319321
0.16 0.320403
0.161 0.321486
0.162 0.322568
0.163 0.323651
0.164 0.324734
0.165 0.325817
0.166 0.3269
0.167 0.327983
0.168 0.329067
0.169 0.33015
0.17 0.331234
0.171 0.332318
0.172 0.333402
0.173 0.334486
0.174 0.33557
0.175 0.336654
0.176 0.337739
0.177 0.338823
0.178 0.339908
0.179 0.340993
0.18 0.342077
0.181 0.343162
0.182 0.344247
0.183 0.345333
0.184 0.346418
0.185 0.347503
0.186 0.348589
0.187 0.349674
0.188 0.35076
0.189 0.351846
0.19 0.352932
0.191 0.354018
0.192 0.355104
0.193 0.35619
0.194 0.357276
0.195 0.358362
0.196 0.359449
0.197 0.360535
0.198 0.361622
0.199 0.362708
0.2 0.363795
0.201 0.364881
0.202 0.365968
0.203 0.367055
0.204 0.368142
0.205 0.369229
0.206 0.370316
0.207 0.371403
0.208 0.37249
0.209 0.373577
0.21 0.374664
0.211 0.375752
0.212 0.376839
0.213 0.377926
0.214 0.379014
0.215 0.380101
0.216 0.381188
0.217 0.382276
0.218 0.383363
0.219 0.384451
0.22 0.385538
0.221 0.386626
0.222 0.387714
0.223 0.388801
0.224 0.389889
0.225 0.390976
0.226 0.392064
0.227 0.393152
0.228 0.394239
0.229 0.395327
0.23 0.396415
0.231 0.397502
0.232 0.39859
0.233 0.399678
0.234 0.400765
0.235 0.401853
0.236 0.402941
0.237 0.404028
0.238 0.405116
0.239 0.406204
0.24 0.407291
0.241 0.408379
0.242 0.409467
0.243 0.410554
0.244 0.411642
0.245 0.412729
0.246 0.413817
0.247 0.414904
0.248 0.415991
0.249 0.417079
0.25 0.418166
0.251 0.419253
0.252 0.420341
0.253 0.421428
0.254 0.422515
0.255 0.423602
0.256 0.424689
0.257 0.425776
0.258 0.426863
0.259 0.42795
0.26 0.429037
0.261 0.430124
0.262 0.43121
0.263 0.432297
0.264 0.433384
0.265 0.43447
0.266 0.435556
0.267 0.436643
0.268 0.437729
0.269 0.438815
0.27 0.439901
0.271 0.440987
0.272 0.442073
0.273 0.443159
0.274 0.444245
0.275 0.445331
0.276 0.446416
0.277 0.447502
0.278 0.448587
0.279 0.449673
0.28 0.450758
0.281 0.451843
0.282 0.452928
0.283 0.454013
0.284 0.455098
0.285 0.456182
0.286 0.457267
0.287 0.458351
0.288 0.459436
0.289 0.46052
0.29 0.461604
0.291 0.462688
0.292 0.463772
0.293 0.464855
0.294 0.465939
0.295 0.467022
0.296 0.468106
0.297 0.469189
0.298 0.470272
0.299 0.471355
0.3 0.472438
0.301 0.47352
0.302 0.474603
0.303 0.475685
0.304 0.476767
0.305 0.477849
0.306 0.478931
0.307 0.480013
0.308 0.481094
0.309 0.482175
0.31 0.483257
0.311 0.484338
0.312 0.485419
0.313 0.486499
0.314 0.48758
0.315 0.48866
0.316 0.48974
0.317 0.49082
0.318 0.4919
0.319 0.49298
0.32 0.494059
0.321 0.495138
0.322 0.496217
0.323 0.497296
0.324 0.498375
0.325 0.499453
0.326 0.500532
0.327 0.50161
0.328 0.502688
0.329 0.503765
0.33 0.504843
0.331 0.50592
0.332 0.506997
0.333 0.508074
0.334 0.50915
0.335 0.510227
0.336 0.511303
0.337 0.512379
0.338 0.513455
0.339 0.51453
0.34 0.515605
0.341 0.516681
0.342 0.517755
0.343 0.51883
0.344 0.519904
0.345 0.520978
0.346 0.522052
0.347 0.523126
0.348 0.524199
0.349 0.525272
0.35 0.526345
0.351 0.527418
0.352 0.52849
0.353 0.529562
0.354 0.530634
0.355 0.531706
0.356 0.532777
0.357 0.533848
0.358 0.534919
0.359 0.53599
0.36 0.53706
0.361 0.53813
0.362 0.5392
0.363 0.540269
0.364 0.541338
0.365 0.542407
0.366 0.543476
0.367 0.544544
0.368 0.545612
0.369 0.54668
0.37 0.547747
0.371 0.548814
0.372 0.549881
0.373 0.550948
0.374 0.552014
0.375 0.55308
0.376 0.554146
0.377 0.555211
0.378 0.556276
0.379 0.557341
0.38 0.558405
0.381 0.55947
0.382 0.560533
0.383 0.561597
0.384 0.56266
0.385 0.563723
0.386 0.564785
0.387 0.565848
0.388 0.566909
0.389 0.567971
0.39 0.569032
0.391 0.570093
0.392 0.571153
0.393 0.572214
0.394 0.573273
0.395 0.574333
0.396 0.575392
0.397 0.576451
0.398 0.577509
0.399 0.578567
0.4 0.579625
0.401 0.580683
0.402 0.58174
0.403 0.582796
0.404 0.583853
0.405 0.584909
0.406 0.585964
0.407 0.587019
0.408 0.588074
0.409 0.589129
0.41 0.590183
0.411 0.591236
0.412 0.59229
0.413 0.593343
0.414 0.594395
0.415 0.595447
0.416 0.596499
0.417 0.597551
0.418 0.598602
0.419 0.599652
0.42 0.600702
0.421 0.601752
0.422 0.602802
0.423 0.603851
0.424 0.604899
0.425 0.605947
0.426 0.606995
0.427 0.608043
0.428 0.609089
0.429 0.610136
0.43 0.611182
0.431 0.612228
0.432 0.613273
0.433 0.614318
0.434 0.615362
0.435 0.616406
0.436 0.61745
0.437 0.618493
0.438 0.619536
0.439 0.620578
0.44 0.62162
0.441 0.622661
0.442 0.623702
0.443 0.624743
0.444 0.625783
0.445 0.626822
0.446 0.627862
0.447 0.6289
0.448 0.629938
0.449 0.630976
0.45 0.632014
0.451 0.63305
0.452 0.634087
0.453 0.635123
0.454 0.636158
0.455 0.637193
0.456 0.638228
0.457 0.639262
0.458 0.640295
0.459 0.641328
0.46 0.642361
0.461 0.643393
0.462 0.644425
0.463 0.645456
0.464 0.646487
0.465 0.647517
0.466 0.648546
0.467 0.649576
0.468 0.650604
0.469 0.651632
0.47 0.65266
0.471 0.653687
0.472 0.654714
0.473 0.65574
0.474 0.656766
0.475 0.657791
0.476 0.658816
0.477 0.65984
0.478 0.660863
0.479 0.661886
0.48 0.662909
0.481 0.663931
0.482 0.664952
0.483 0.665973
0.484 0.666994
0.485 0.668014
0.486 0.669033
0.487 0.670052
0.488 0.67107
0.489 0.672088
0.49 0.673105
0.491 0.674122
0.492 0.675138
0.493 0.676153
0.494 0.677168
0.495 0.678183
0.496 0.679197
0.497 0.68021
0.498 0.681223
0.499 0.682235
0.5 0.683246
0.501 0.684257
0.502 0.685268
0.503 0.686278
0.504 0.687287
0.505 0.688296
0.506 0.689304
0.507 0.690312
0.508 0.691319
0.509 0.692325
0.51 0.693331
0.511 0.694336
0.512 0.695341
0.513 0.696345
0.514 0.697349
0.515 0.698351
0.516 0.699354
0.517 0.700355
0.518 0.701357
0.519 0.702357
0.52 0.703357
0.521 0.704356
0.522 0.705355
0.523 0.706353
0.524 0.70735
0.525 0.708347
0.526 0.709343
0.527 0.710339
0.528 0.711334
0.529 0.712328
0.53 0.713322
0.531 0.714315
0.532 0.715307
0.533 0.716299
0.534 0.71729
0.535 0.718281
0.536 0.71927
0.537 0.72026
0.538 0.721248
0.539 0.722236
0.54 0.723223
0.541 0.72421
0.542 0.725196
0.543 0.726181
0.544 0.727166
0.545 0.72815
0.546 0.729133
0.547 0.730116
0.548 0.731098
0.549 0.732079
0.55 0.73306
0.551 0.73404
0.552 0.735019
0.553 0.735998
0.554 0.736976
0.555 0.737953
0.556 0.738929
0.557 0.739905
0.558 0.740881
0.559 0.741855
0.56 0.742829
0.561 0.743802
0.562 0.744774
0.563 0.745746
0.564 0.746717
0.565 0.747688
0.566 0.748657
0.567 0.749626
0.568 0.750594
0.569 0.751562
0.57 0.752529
0.571 0.753495
0.572 0.75446
0.573 0.755425
0.574 0.756389
0.575 0.757352
0.576 0.758314
0.577 0.759276
0.578 0.760237
0.579 0.761197
0.58 0.762157
0.581 0.763115
0.582 0.764074
0.583 0.765031
0.584 0.765987
0.585 0.766943
0.586 0.767898
0.587 0.768853
0.588 0.769806
0.589 0.770759
0.59 0.771711
0.591 0.772662
0.592 0.773613
0.593 0.774563
0.594 0.775512
0.595 0.77646
0.596 0.777408
0.597 0.778354
0.598 0.7793
0.599 0.780245
