0 0.0614493
0.001 0.0624458
0.002 0.0634424
0.003 0.064439
0.004 0.0654355
0.005 0.0664321
0.006 0.0674286
0.007 0.0684252
0.008 0.0694218
0.009 0.0704184
0.01 0.0714149
0.011 0.0724115
0.012 0.0734081
0.013 0.0744047
0.014 0.0754013
0.015 0.0763979
0.016 0.0773945
0.017 0.0783911
0.018 0.0793877
0.019 0.0803843
0.02 0.0813809
0.021 0.0823775
0.022 0.0833741
0.023 0.0843707
0.024 0.0853673
0.025 0.0863639
0.026 0.0873606
0.027 0.0883572
0.028 0.0893538
0.029 0.0903505
0.03 0.0913471
0.031 0.0923437
0.032 0.0933404
0.033 0.094337
0.034 0.0953337
0.035 0.0963303
0.036 0.097327
0.037 0.0983236
0.038 0.0993203
0.039 0.100317
0.04 0.101314
0.041 0.10231
0.042 0.103307
0.043 0.104304
0.044 0.1053
0.045 0.106297
0.046 0.107294
0.047 0.10829
0.048 0.109287
0.049 0.110284
0.05 0.11128
0.051 0.112277
0.052 0.113274
0.053 0.11427
0.054 0.115267
0.055 0.116264
0.056 0.117261
0.057 0.118257
0.058 0.119254
0.059 0.120251
0.06 0.121247
0.061 0.122244
0.062 0.123241
0.063 0.124238
0.064 0.125234
0.065 0.126231
0.066 0.127228
0.067 0.128225
0.068 0.129221
0.069 0.130218
0.07 0.131215
0.071 0.132212
0.072 0.133208
0.073 0.134205
0.074 0.135202
0.075 0.136199
0.076 0.137195
0.077 0.138192
0.078 0.139189
0.079 0.140186
0.08 0.141182
0.081 0.142179
0.082 0.143176
0.083 0.144173
0.084 0.14517
0.085 0.146166
0.086 0.147163
0.087 0.14816
0.088 0.149157
0.089 0.150154
0.09 0.15115
0.091 0.152147
0.092 0.153144
0.093 0.154141
0.094 0.155138
0.095 0.156134
0.096 0.157131
0.097 0.158128
0.098 0.159125
0.099 0.160122
0.1 0.161119
0.101 0.162115
0.102 0.163112
0.103 0.164109
0.104 0.165106
0.105 0.166103
0.106 0.1671
0.107 0.168096
0.108 0.169093
0.109 0.17009
0.11 0.171087
0.111 0.172084
0.112 0.173081
0.113 0.174078
0.114 0.175075
0.115 0.176071
0.116 0.177068
0.117 0.178065
0.118 0.179062
0.119 0.180059
0.12 0.181056
0.121 0.182053
0.122 0.18305
0.123 0.184046
0.124 0.185043
0.125 0.18604
0.126 0.187037
0.127 0.188034
0.128 0.189031
0.129 0.190028
0.13 0.191025
0.131 0.192022
0.132 0.193019
0.133 0.194016
0.134 0.195013
0.135 0.196009
0.136 0.197006
0.137 0.198003
0.138 0.199
0.139 0.199997
0.14 0.200994
0.141 0.201991
0.142 0.202988
0.143 0.203985
0.144 0.204982
0.145 0.205979
0.146 0.206976
0.147 0.207973
0.148 0.20897
0.149 0.209967
0.15 0.210964
0.151 0.211961
0.152 0.212958
0.153 0.213955
0.154 0.214952
0.155 0.215949
0.156 0.216946
0.157 0.217943
0.158 0.21894
0.159 0.219937
0.16 0.220934
0.161 0.221931
0.162 0.222928
0.163 0.223925
0.164 0.224922
0.165 0.225919
0.166 0.226916
0.167 0.227913
0.168 0.22891
0.169 0.229907
0.17 0.230904
0.171 0.231901
0.172 0.232898
0.173 0.233895
0.174 0.234892
0.175 0.235889
0.176 0.236886
0.177 0.237883
0.178 0.23888
0.179 0.239877
0.18 0.240874
0.181 0.241871
0.182 0.242868
0.183 0.243865
0.184 0.244862
0.185 0.245859
0.186 0.246857
0.187 0.247854
0.188 0.248851
0.189 0.249848
0.19 0.250845
0.191 0.251842
0.192 0.252839
0.193 0.253836
0.194 0.254833
0.195 0.25583
0.196 0.256827
0.197 0.257824
0.198 0.258822
0.199 0.259819
0.2 0.260816
0.201 0.261813
0.202 0.26281
0.203 0.263807
0.204 0.264804
0.205 0.265801
0.206 0.266798
0.207 0.267796
0.208 0.268793
0.209 0.26979
0.21 0.270787
0.211 0.271784
0.212 0.272781
0.213 0.273778
0.214 0.274776
0.215 0.275773
0.216 0.27677
0.217 0.277767
0.218 0.278764
0.219 0.279761
0.22 0.280758
0.221 0.281756
0.222 0.282753
0.223 0.28375
0.224 0.284747
0.225 0.285744
0.226 0.286741
0.227 0.287739
0.228 0.288736
0.229 0.289733
0.23 0.29073
0.231 0.291727
0.232 0.292725
0.233 0.293722
0.234 0.294719
0.235 0.295716
0.236 0.296713
0.237 0.297711
0.238 0.298708
0.239 0.299705
0.24 0.300702
0.241 0.301699
0.242 0.302697
0.243 0.303694
0.244 0.304691
0.245 0.305688
0.246 0.306686
0.247 0.307683
0.248 0.30868
0.249 0.309677
0.25 0.310675
0.251 0.311672
0.252 0.312669
0.253 0.313666
0.254 0.314664
0.255 0.315661
0.256 0.316658
0.257 0.317655
0.258 0.318653
0.259 0.31965
0.26 0.320647
0.261 0.321644
0.262 0.322642
0.263 0.323639
0.264 0.324636
0.265 0.325633
0.266 0.326631
0.267 0.327628
0.268 0.328625
0.269 0.329623
0.27 0.33062
0.271 0.331617
0.272 0.332614
0.273 0.333612
0.274 0.334609
0.275 0.335606
0.276 0.336604
0.277 0.337601
0.278 0.338598
0.279 0.339596
0.28 0.340593
0.281 0.34159
0.282 0.342588
0.283 0.343585
0.284 0.344582
0.285 0.34558
0.286 0.346577
0.287 0.347574
0.288 0.348572
0.289 0.349569
0.29 0.350566
0.291 0.351564
0.292 0.352561
0.293 0.353558
0.294 0.354556
0.295 0.355553
0.296 0.35655
0.297 0.357548
0.298 0.358545
0.299 0.359543
0.3 0.36054
0.301 0.361537
0.302 0.362535
0.303 0.363532
0.304 0.364529
0.305 0.365527
0.306 0.366524
0.307 0.367522
0.308 0.368519
0.309 0.369516
0.31 0.370514
0.311 0.371511
0.312 0.372509
0.313 0.373506
0.314 0.374503
0.315 0.375501
0.316 0.376498
0.317 0.377496
0.318 0.378493
0.319 0.37949
0.32 0.380488
0.321 0.381485
0.322 0.382483
0.323 0.38348
0.324 0.384478
0.325 0.385475
0.326 0.386472
0.327 0.38747
0.328 0.388467
0.329 0.389465
0.33 0.390462
0.331 0.39146
0.332 0.392457
0.333 0.393455
0.334 0.394452
0.335 0.39545
0.336 0.396447
0.337 0.397444
0.338 0.398442
0.339 0.399439
0.34 0.400437
0.341 0.401434
0.342 0.402432
0.343 0.403429
0.344 0.404427
0.345 0.405424
0.346 0.406422
0.347 0.407419
0.348 0.408417
0.349 0.409414
0.35 0.410412
0.351 0.411409
0.352 0.412407
0.353 0.413404
0.354 0.414402
0.355 0.415399
0.356 0.416397
0.357 0.417394
0.358 0.418392
0.359 0.419389
0.36 0.420387
0.361 0.421384
0.362 0.422382
0.363 0.42338
0.364 0.424377
0.365 0.425375
0.366 0.426372
0.367 0.42737
0.368 0.428367
0.369 0.429365
0.37 0.430362
0.371 0.43136
0.372 0.432357
0.373 0.433355
0.374 0.434353
0.375 0.43535
0.376 0.436348
0.377 0.437345
0.378 0.438343
0.379 0.43934
0.38 0.440338
0.381 0.441336
0.382 0.442333
0.383 0.443331
0.384 0.444328
0.385 0.445326
0.386 0.446324
0.387 0.447321
0.388 0.448319
0.389 0.449316
0.39 0.450314
0.391 0.451312
0.392 0.452309
0.393 0.453307
0.394 0.454304
0.395 0.455302
0.396 0.4563
0.397 0.457297
0.398 0.458295
0.399 0.459292
0.4 0.46029
0.401 0.461288
0.402 0.462285
0.403 0.463283
0.404 0.464281
0.405 0.465278
0.406 0.466276
0.407 0.467274
0.408 0.468271
0.409 0.469269
0.41 0.470266
0.411 0.471264
0.412 0.472262
0.413 0.473259
0.414 0.474257
0.415 0.475255
0.416 0.476252
0.417 0.47725
0.418 0.478248
0.419 0.479245
0.42 0.480243
0.421 0.481241
0.422 0.482238
0.423 0.483236
0.424 0.484234
0.425 0.485232
0.426 0.486229
0.427 0.487227
0.428 0.488225
0.429 0.489222
0.43 0.49022
0.431 0.491218
0.432 0.492215
0.433 0.493213
0.434 0.494211
0.435 0.495209
0.436 0.496206
0.437 0.497204
0.438 0.498202
0.439 0.499199
0.44 0.500197
0.441 0.501195
0.442 0.502193
0.443 0.50319
0.444 0.504188
0.445 0.505186
0.446 0.506184
0.447 0.507181
0.448 0.508179
0.449 0.509177
0.45 0.510175
0.451 0.511172
0.452 0.51217
0.453 0.513168
0.454 0.514166
0.455 0.515163
0.456 0.516161
0.457 0.517159
0.458 0.518157
0.459 0.519154
0.46 0.520152
0.461 0.52115
0.462 0.522148
0.463 0.523146
0.464 0.524143
0.465 0.525141
0.466 0.526139
0.467 0.527137
0.468 0.528135
0.469 0.529132
0.47 0.53013
0.471 0.531128
0.472 0.532126
0.473 0.533124
0.474 0.534121
0.475 0.535119
0.476 0.536117
0.477 0.537115
0.478 0.538113
0.479 0.53911
0.48 0.540108
0.481 0.541106
0.482 0.542104
0.483 0.543102
0.484 0.5441
0.485 0.545097
0.486 0.546095
0.487 0.547093
0.488 0.548091
0.489 0.549089
0.49 0.550087
0.491 0.551084
0.492 0.552082
0.493 0.55308
0.494 0.554078
0.495 0.555076
0.496 0.556074
0.497 0.557072
0.498 0.55807
0.499 0.559067
0.5 0.560065
0.501 0.561063
0.502 0.562061
0.503 0.563059
0.504 0.564057
0.505 0.565055
0.506 0.566053
0.507 0.56705
0.508 0.568048
0.509 0.569046
0.51 0.570044
0.511 0.571042
0.512 0.57204
0.513 0.573038
0.514 0.574036
0.515 0.575034
0.516 0.576032
0.517 0.577029
0.518 0.578027
0.519 0.579025
0.52 0.580023
0.521 0.581021
0.522 0.582019
0.523 0.583017
0.524 0.584015
0.525 0.585013
0.526 0.586011
0.527 0.587009
0.528 0.588007
0.529 0.589005
0.53 0.590003
0.531 0.591
0.532 0.591998
0.533 0.592996
0.534 0.593994
0.535 0.594992
0.536 0.59599
0.537 0.596988
0.538 0.597986
0.539 0.598984
0.54 0.599982
0.541 0.60098
0.542 0.601978
0.543 0.602976
0.544 0.603974
0.545 0.604972
0.546 0.60597
0.547 0.606968
0.548 0.607966
0.549 0.608964
0.55 0.609962
0.551 0.61096
0.552 0.611958
0.553 0.612956
0.554 0.613954
0.555 0.614952
0.556 0.61595
0.557 0.616948
0.558 0.617946
0.559 0.618944
0.56 0.619942
0.561 0.62094
0.562 0.621938
0.563 0.622936
0.564 0.623934
0.565 0.624932
0.566 0.62593
0.567 0.626928
0.568 0.627926
0.569 0.628924
0.57 0.629922
0.571 0.63092
0.572 0.631918
0.573 0.632916
0.574 0.633914
0.575 0.634912
0.576 0.635911
0.577 0.636909
0.578 0.637907
0.579 0.638905
0.58 0.639903
0.581 0.640901
0.582 0.641899
0.583 0.642897
0.584 0.643895
0.585 0.644893
0.586 0.645891
0.587 0.646889
0.588 0.647887
0.589 0.648885
0.59 0.649884
0.591 0.650882
0.592 0.65188
0.593 0.652878
0.594 0.653876
0.595 0.654874
0.596 0.655872
0.597 0.65687
0.598 0.657868
0.599 0.658866
0.6 0.659865
0.601 0.660863
0.602 0.661861
0.603 0.662859
0.604 0.663857
0.605 0.664855
0.606 0.665853
0.607 0.666851
0.608 0.667849
0.609 0.668848
0.61 0.669846
0.611 0.670844
0.612 0.671842
0.613 0.67284
0.614 0.673838
0.615 0.674836
0.616 0.675835
0.617 0.676833
0.618 0.677831
0.619 0.678829
0.62 0.679827
0.621 0.680825
0.622 0.681823
0.623 0.682822
0.624 0.68382
0.625 0.684818
0.626 0.685816
0.627 0.686814
0.628 0.687812
0.629 0.688811
0.63 0.689809
0.631 0.690807
0.632 0.691805
0.633 0.692803
0.634 0.693802
0.635 0.6948
0.636 0.695798
0.637 0.696796
0.638 0.697794
0.639 0.698793
0.64 0.699791
0.641 0.700789
0.642 0.701787
0.643 0.702785
0.644 0.703784
0.645 0.704782
0.646 0.70578
0.647 0.706778
0.648 0.707776
0.649 0.708775
0.65 0.709773
0.651 0.710771
0.652 0.711769
0.653 0.712768
0.654 0.713766
0.655 0.714764
0.656 0.715762
0.657 0.71676
0.658 0.717759
0.659 0.718757
0.66 0.719755
0.661 0.720753
0.662 0.721752
0.663 0.72275
0.664 0.723748
0.665 0.724746
0.666 0.725745
0.667 0.726743
0.668 0.727741
0.669 0.72874
0.67 0.729738
0.671 0.730736
0.672 0.731734
0.673 0.732733
0.674 0.733731
0.675 0.734729
0.676 0.735727
0.677 0.736726
0.678 0.737724
0.679 0.738722
0.68 0.739721
0.681 0.740719
0.682 0.741717
0.683 0.742715
0.684 0.743714
0.685 0.744712
0.686 0.74571
0.687 0.746709
0.688 0.747707
0.689 0.748705
0.69 0.749704
0.691 0.750702
0.692 0.7517
0.693 0.752699
0.694 0.753697
0.695 0.754695
0.696 0.755694
0.697 0.756692
0.698 0.75769
0.699 0.758689
0.7 0.759687
0.701 0.760685
0.702 0.761684
0.703 0.762682
0.704 0.76368
0.705 0.764679
0.706 0.765677
0.707 0.766675
0.708 0.767674
0.709 0.768672
0.71 0.76967
0.711 0.770669
0.712 0.771667
0.713 0.772665
0.714 0.773664
0.715 0.774662
0.716 0.775661
0.717 0.776659
0.718 0.777657
0.719 0.778656
0.72 0.779654
0.721 0.780652
0.722 0.781651
0.723 0.782649
0.724 0.783648
0.725 0.784646
0.726 0.785644
0.727 0.786643
0.728 0.787641
0.729 0.78864
0.73 0.789638
0.731 0.790636
0.732 0.791635
0.733 0.792633
0.734 0.793632
0.735 0.79463
0.736 0.795628
0.737 0.796627
0.738 0.797625
0.739 0.798624
0.74 0.799622
0.741 0.800621
0.742 0.801619
0.743 0.802617
0.744 0.803616
0.745 0.804614
0.746 0.805613
0.747 0.806611
0.748 0.80761
0.749 0.808608
0.75 0.809606
0.751 0.810605
0.752 0.811603
0.753 0.812602
0.754 0.8136
0.755 0.814599
0.756 0.815597
0.757 0.816596
0.758 0.817594
0.759 0.818593
0.76 0.819591
0.761 0.820589
0.762 0.821588
0.763 0.822586
0.764 0.823585
0.765 0.824583
0.766 0.825582
0.767 0.82658
0.768 0.827579
0.769 0.828577
0.77 0.829576
0.771 0.830574
0.772 0.831573
0.773 0.832571
0.774 0.83357
0.775 0.834568
0.776 0.835567
0.777 0.836565
0.778 0.837564
0.779 0.838562
0.78 0.839561
0.781 0.840559
0.782 0.841558
0.783 0.842556
0.784 0.843555
0.785 0.844553
0.786 0.845552
0.787 0.84655
0.788 0.847549
0.789 0.848547
0.79 0.849546
0.791 0.850545
0.792 0.851543
0.793 0.852542
0.794 0.85354
0.795 0.854539
0.796 0.855537
0.797 0.856536
0.798 0.857534
0.799 0.858533
0.8 0.859531
0.801 0.86053
0.802 0.861529
0.803 0.862527
0.804 0.863526
0.805 0.864524
0.806 0.865523
0.807 0.866521
0.808 0.86752
0.809 0.868519
0.81 0.869517
0.811 0.870516
0.812 0.871514
0.813 0.872513
0.814 0.873511
0.815 0.87451
0.816 0.875509
0.817 0.876507
0.818 0.877506
0.819 0.878504
0.82 0.879503
0.821 0.880502
0.822 0.8815
0.823 0.882499
0.824 0.883497
0.825 0.884496
0.826 0.885495
0.827 0.886493
0.828 0.887492
0.829 0.88849
0.83 0.889489
0.831 0.890488
0.832 0.891486
0.833 0.892485
0.834 0.893483
0.835 0.894482
0.836 0.895481
0.837 0.896479
0.838 0.897478
0.839 0.898477
0.84 0.899475
0.841 0.900474
0.842 0.901473
0.843 0.902471
0.844 0.90347
0.845 0.904468
0.846 0.905467
0.847 0.906466
0.848 0.907464
0.849 0.908463
0.85 0.909462
0.851 0.91046
0.852 0.911459
0.853 0.912458
0.854 0.913456
0.855 0.914455
0.856 0.915454
0.857 0.916452
0.858 0.917451
0.859 0.91845
0.86 0.919448
0.861 0.920447
0.862 0.921446
0.863 0.922444
0.864 0.923443
0.865 0.924442
0.866 0.925441
0.867 0.926439
0.868 0.927438
0.869 0.928437
0.87 0.929435
0.871 0.930434
0.872 0.931433
0.873 0.932431
0.874 0.93343
0.875 0.934429
0.876 0.935428
0.877 0.936426
0.878 0.937425
0.879 0.938424
0.88 0.939422
0.881 0.940421
0.882 0.94142
0.883 0.942419
0.884 0.943417
0.885 0.944416
0.886 0.945415
0.887 0.946413
0.888 0.947412
0.889 0.948411
0.89 0.94941
0.891 0.950408
0.892 0.951407
0.893 0.952406
0.894 0.953405
0.895 0.954403
0.896 0.955402
0.897 0.956401
0.898 0.9574
0.899 0.958398
0.9 0.959397
0.901 0.960396
0.902 0.961395
0.903 0.962393
0.904 0.963392
0.905 0.964391
0.906 0.96539
0.907 0.966389
0.908 0.967387
0.909 0.968386
0.91 0.969385
0.911 0.970384
0.912 0.971382
0.913 0.972381
0.914 0.97338
0.915 0.974379
0.916 0.975378
0.917 0.976376
0.918 0.977375
0.919 0.978374
0.92 0.979373
0.921 0.980372
0.922 0.98137
0.923 0.982369
0.924 0.983368
0.925 0.984367
0.926 0.985366
0.927 0.986364
0.928 0.987363
0.929 0.988362
0.93 0.989361
0.931 0.99036
0.932 0.991359
0.933 0.992357
0.934 0.993356
0.935 0.994355
0.936 0.995354
0.937 0.996353
0.938 0.997352
0.939 0.99835
0.94 0.999349
0.941 1.00035
0.942 1.00135
0.943 1.00235
0.944 1.00334
0.945 1.00434
0.946 1.00534
0.947 1.00634
0.948 1.00734
0.949 1.00834
0.95 1.00934
0.951 1.01034
0.952 1.01134
0.953 1.01233
0.954 1.01333
0.955 1.01433
0.956 1.01533
0.957 1.01633
0.958 1.01733
0.959 1.01833
0.96 1.01933
0.961 1.02033
0.962 1.02132
0.963 1.02232
0.964 1.02332
0.965 1.02432
0.966 1.02532
0.967 1.02632
0.968 1.02732
0.969 1.02832
0.97 1.02932
0.971 1.03031
0.972 1.03131
0.973 1.03231
0.974 1.03331
0.975 1.03431
0.976 1.03531
0.977 1.03631
0.978 1.03731
0.979 1.03831
0.98 1.0393
0.981 1.0403
0.982 1.0413
0.983 1.0423
0.984 1.0433
0.985 1.0443
0.986 1.0453
0.987 1.0463
0.988 1.0473
0.989 1.04829
0.99 1.04929
0.991 1.05029
0.992 1.05129
0.993 1.05229
0.994 1.05329
0.995 1.05429
0.996 1.05529
0.997 1.05629
0.998 1.05729
0.999 1.05828
1 1.05928
1.001 1.06028
1.002 1.06128
1.003 1.06228
1.004 1.06328
1.005 1.06428
1.006 1.06528
1.007 1.06628
1.008 1.06727
1.009 1.06827
1.01 1.06927
1.011 1.07027
1.012 1.07127
1.013 1.07227
1.014 1.07327
1.015 1.07427
1.016 1.07527
1.017 1.07627
1.018 1.07726
1.019 1.07826
1.02 1.07926
1.021 1.08026
1.022 1.08126
1.023 1.08226
1.024 1.08326
1.025 1.08426
1.026 1.08526
1.027 1.08626
1.028 1.08725
1.029 1.08825
1.03 1.08925
1.031 1.09025
1.032 1.09125
1.033 1.09225
1.034 1.09325
1.035 1.09425
1.036 1.09525
1.037 1.09625
1.038 1.09724
1.039 1.09824
1.04 1.09924
1.041 1.10024
1.042 1.10124
1.043 1.10224
1.044 1.10324
1.045 1.10424
1.046 1.10524
1.047 1.10624
1.048 1.10724
1.049 1.10823
1.05 1.10923
1.051 1.11023
1.052 1.11123
1.053 1.11223
1.054 1.11323
1.055 1.11423
1.056 1.11523
1.057 1.11623
1.058 1.11723
1.059 1.11823
1.06 1.11922
1.061 1.12022
1.062 1.12122
1.063 1.12222
1.064 1.12322
1.065 1.12422
1.066 1.12522
1.067 1.12622
1.068 1.12722
1.069 1.12822
1.07 1.12921
1.071 1.13021
1.072 1.13121
1.073 1.13221
1.074 1.13321
1.075 1.13421
1.076 1.13521
1.077 1.13621
1.078 1.13721
1.079 1.13821
1.08 1.13921
1.081 1.14021
1.082 1.1412
1.083 1.1422
1.084 1.1432
1.085 1.1442
1.086 1.1452
1.087 1.1462
1.088 1.1472
1.089 1.1482
1.09 1.1492
1.091 1.1502
1.092 1.1512
1.093 1.15219
1.094 1.15319
1.095 1.15419
1.096 1.15519
1.097 1.15619
1.098 1.15719
1.099 1.15819
1.1 1.15919
1.101 1.16019
1.102 1.16119
1.103 1.16219
1.104 1.16319
1.105 1.16418
1.106 1.16518
1.107 1.16618
1.108 1.16718
1.109 1.16818
1.11 1.16918
1.111 1.17018
1.112 1.17118
1.113 1.17218
1.114 1.17318
1.115 1.17418
1.116 1.17518
1.117 1.17617
1.118 1.17717
1.119 1.17817
1.12 1.17917
1.121 1.18017
1.122 1.18117
1.123 1.18217
1.124 1.18317
1.125 1.18417
1.126 1.18517
1.127 1.18617
1.128 1.18717
1.129 1.18816
1.13 1.18916
1.131 1.19016
1.132 1.19116
1.133 1.19216
1.134 1.19316
1.135 1.19416
1.136 1.19516
1.137 1.19616
1.138 1.19716
1.139 1.19816
1.14 1.19916
1.141 1.20015
1.142 1.20115
1.143 1.20215
1.144 1.20315
1.145 1.20415
1.146 1.20515
1.147 1.20615
1.148 1.20715
1.149 1.20815
1.15 1.20915
1.151 1.21015
1.152 1.21115
1.153 1.21215
1.154 1.21315
1.155 1.21414
1.156 1.21514
1.157 1.21614
1.158 1.21714
1.159 1.21814
1.16 1.21914
1.161 1.22014
1.162 1.22114
1.163 1.22214
1.164 1.22314
1.165 1.22414
1.166 1.22514
1.167 1.22614
1.168 1.22713
1.169 1.22813
1.17 1.22913
1.171 1.23013
1.172 1.23113
1.173 1.23213
1.174 1.23313
1.175 1.23413
1.176 1.23513
1.177 1.23613
1.178 1.23713
1.179 1.23813
1.18 1.23913
1.181 1.24013
1.182 1.24112
1.183 1.24212
1.184 1.24312
1.185 1.24412
1.186 1.24512
1.187 1.24612
1.188 1.24712
1.189 1.24812
1.19 1.24912
1.191 1.25012
1.192 1.25112
1.193 1.25212
1.194 1.25312
1.195 1.25412
1.196 1.25511
1.197 1.25611
1.198 1.25711
1.199 1.25811
1.2 1.25911
1.201 1.26011
1.202 1.26111
1.203 1.26211
1.204 1.26311
1.205 1.26411
1.206 1.26511
1.207 1.26611
1.208 1.26711
1.209 1.26811
1.21 1.26911
1.211 1.2701
1.212 1.2711
1.213 1.2721
1.214 1.2731
1.215 1.2741
1.216 1.2751
1.217 1.2761
1.218 1.2771
1.219 1.2781
1.22 1.2791
1.221 1.2801
1.222 1.2811
1.223 1.2821
1.224 1.2831
1.225 1.2841
1.226 1.2851
1.227 1.28609
1.228 1.28709
1.229 1.28809
1.23 1.28909
1.231 1.29009
1.232 1.29109
1.233 1.29209
1.234 1.29309
1.235 1.29409
1.236 1.29509
1.237 1.29609
1.238 1.29709
1.239 1.29809
1.24 1.29909
1.241 1.30009
1.242 1.30109
1.243 1.30208
1.244 1.30308
1.245 1.30408
1.246 1.30508
1.247 1.30608
1.248 1.30708
1.249 1.30808
1.25 1.30908
1.251 1.31008
1.252 1.31108
1.253 1.31208
1.254 1.31308
1.255 1.31408
1.256 1.31508
1.257 1.31608
1.258 1.31708
1.259 1.31808
1.26 1.31907
1.261 1.32007
1.262 1.32107
1.263 1.32207
1.264 1.32307
1.265 1.32407
1.266 1.32507
1.267 1.32607
1.268 1.32707
1.269 1.32807
1.27 1.32907
1.271 1.33007
1.272 1.33107
1.273 1.33207
1.274 1.33307
1.275 1.33407
1.276 1.33507
1.277 1.33607
1.278 1.33706
1.279 1.33806
1.28 1.33906
1.281 1.34006
1.282 1.34106
1.283 1.34206
1.284 1.34306
1.285 1.34406
1.286 1.34506
1.287 1.34606
1.288 1.34706
1.289 1.34806
1.29 1.34906
1.291 1.35006
1.292 1.35106
1.293 1.35206
1.294 1.35306
1.295 1.35406
1.296 1.35506
1.297 1.35605
1.298 1.35705
1.299 1.35805
1.3 1.35905
1.301 1.36005
1.302 1.36105
1.303 1.36205
1.304 1.36305
1.305 1.36405
1.306 1.36505
1.307 1.36605
1.308 1.36705
1.309 1.36805
1.31 1.36905
1.311 1.37005
1.312 1.37105
1.313 1.37205
1.314 1.37305
1.315 1.37405
1.316 1.37505
1.317 1.37604
1.318 1.37704
1.319 1.37804
1.32 1.37904
1.321 1.38004
1.322 1.38104
1.323 1.38204
1.324 1.38304
1.325 1.38404
1.326 1.38504
1.327 1.38604
1.328 1.38704
1.329 1.38804
1.33 1.38904
1.331 1.39004
1.332 1.39104
1.333 1.39204
1.334 1.39304
1.335 1.39404
1.336 1.39504
1.337 1.39604
1.338 1.39703
1.339 1.39803
1.34 1.39903
1.341 1.40003
1.342 1.40103
1.343 1.40203
1.344 1.40303
1.345 1.40403
1.346 1.40503
1.347 1.40603
1.348 1.40703
1.349 1.40803
1.35 1.40903
1.351 1.41003
1.352 1.41103
1.353 1.41203
1.354 1.41303
1.355 1.41403
1.356 1.41503
1.357 1.41603
1.358 1.41703
1.359 1.41803
1.36 1.41903
1.361 1.42003
1.362 1.42102
1.363 1.42202
1.364 1.42302
1.365 1.42402
1.366 1.42502
1.367 1.42602
1.368 1.42702
1.369 1.42802
1.37 1.42902
1.371 1.43002
1.372 1.43102
1.373 1.43202
1.374 1.43302
1.375 1.43402
1.376 1.43502
1.377 1.43602
1.378 1.43702
1.379 1.43802
1.38 1.43902
1.381 1.44002
1.382 1.44102
1.383 1.44202
1.384 1.44302
1.385 1.44402
1.386 1.44502
1.387 1.44602
1.388 1.44701
1.389 1.44801
1.39 1.44901
1.391 1.45001
1.392 1.45101
1.393 1.45201
1.394 1.45301
1.395 1.45401
1.396 1.45501
1.397 1.45601
1.398 1.45701
1.399 1.45801
1.4 1.45901
1.401 1.46001
1.402 1.46101
1.403 1.46201
1.404 1.46301
1.405 1.46401
1.406 1.46501
1.407 1.46601
1.408 1.46701
1.409 1.46801
1.41 1.46901
1.411 1.47001
1.412 1.47101
1.413 1.47201
1.414 1.47301
1.415 1.47401
1.416 1.47501
1.417 1.476
1.418 1.477
1.419 1.478
1.42 1.479
1.421 1.48
1.422 1.481
1.423 1.482
1.424 1.483
1.425 1.484
1.426 1.485
1.427 1.486
1.428 1.487
1.429 1.488
1.43 1.489
1.431 1.49
1.432 1.491
1.433 1.492
1.434 1.493
1.435 1.494
1.436 1.495
1.437 1.496
1.438 1.497
1.439 1.498
1.44 1.499
1.441 1.5
1.442 1.501
1.443 1.502
1.444 1.503
1.445 1.504
1.446 1.505
1.447 1.506
1.448 1.507
1.449 1.508
1.45 1.50899
1.451 1.50999
1.452 1.51099
1.453 1.51199
1.454 1.51299
1.455 1.51399
1.456 1.51499
1.457 1.51599
1.458 1.51699
1.459 1.51799
1.46 1.51899
1.461 1.51999
1.462 1.52099
1.463 1.52199
1.464 1.52299
1.465 1.52399
1.466 1.52499
1.467 1.52599
1.468 1.52699
1.469 1.52799
1.47 1.52899
1.471 1.52999
1.472 1.53099
1.473 1.53199
1.474 1.53299
1.475 1.53399
1.476 1.53499
1.477 1.53599
1.478 1.53699
1.479 1.53799
1.48 1.53899
1.481 1.53999
1.482 1.54099
1.483 1.54199
1.484 1.54299
1.485 1.54399
1.486 1.54499
1.487 1.54599
1.488 1.54699
1.489 1.54799
1.49 1.54899
1.491 1.54999
1.492 1.55098
1.493 1.55198
1.494 1.55298
1.495 1.55398
1.496 1.55498
1.497 1.55598
1.498 1.55698
1.499 1.55798
1.5 1.55898
1.501 1.55998
1.502 1.56098
1.503 1.56198
1.504 1.56298
1.505 1.56398
1.506 1.56498
1.507 1.56598
1.508 1.56698
1.509 1.56798
1.51 1.56898
1.511 1.56998
1.512 1.57098
1.513 1.57198
1.514 1.57298
1.515 1.57398
1.516 1.57498
1.517 1.57598
1.518 1.57698
1.519 1.57798
1.52 1.57898
1.521 1.57998
1.522 1.58098
1.523 1.58198
1.524 1.58298
1.525 1.58398
1.526 1.58498
1.527 1.58598
1.528 1.58698
1.529 1.58798
1.53 1.58898
1.531 1.58998
1.532 1.59098
1.533 1.59198
1.534 1.59298
1.535 1.59398
1.536 1.59498
1.537 1.59598
1.538 1.59698
1.539 1.59798
1.54 1.59898
1.541 1.59998
1.542 1.60098
1.543 1.60198
1.544 1.60298
1.545 1.60398
1.546 1.60498
1.547 1.60598
1.548 1.60698
1.549 1.60798
1.55 1.60898
1.551 1.60998
1.552 1.61097
1.553 1.61197
1.554 1.61297
1.555 1.61397
1.556 1.61497
1.557 1.61597
1.558 1.61697
1.559 1.61797
1.56 1.61897
1.561 1.61997
1.562 1.62097
1.563 1.62197
1.564 1.62297
1.565 1.62397
1.566 1.62497
1.567 1.62597
1.568 1.62697
1.569 1.62797
1.57 1.62897
1.571 1.62997
1.572 1.63097
1.573 1.63197
1.574 1.63297
1.575 1.63397
1.576 1.63497
1.577 1.63597
1.578 1.63697
1.579 1.63797
1.58 1.63897
1.581 1.63997
1.582 1.64097
1.583 1.64197
1.584 1.64297
1.585 1.64397
1.586 1.64497
1.587 1.64597
1.588 1.64697
1.589 1.64797
1.59 1.64897
1.591 1.64997
1.592 1.65097
1.593 1.65197
1.594 1.65297
1.595 1.65397
1.596 1.65497
1.597 1.65597
1.598 1.65697
1.599 1.65797
1.6 1.65897
1.601 1.65997
1.602 1.66097
1.603 1.66197
1.604 1.66297
1.605 1.66397
1.606 1.66497
1.607 1.66597
1.608 1.66697
1.609 1.66797
1.61 1.66897
1.611 1.66997
1.612 1.67097
1.613 1.67197
1.614 1.67297
1.615 1.67397
1.616 1.67497
1.617 1.67597
1.618 1.67697
1.619 1.67797
1.62 1.67897
1.621 1.67997
1.622 1.68097
1.623 1.68197
1.624 1.68297
1.625 1.68397
1.626 1.68497
1.627 1.68597
1.628 1.68697
1.629 1.68797
1.63 1.68897
1.631 1.68997
1.632 1.69097
1.633 1.69197
1.634 1.69297
1.635 1.69397
1.636 1.69497
1.637 1.69597
1.638 1.69697
1.639 1.69797
1.64 1.69897
1.641 1.69997
1.642 1.70097
1.643 1.70197
1.644 1.70297
1.645 1.70397
1.646 1.70497
1.647 1.70597
1.648 1.70697
1.649 1.70797
1.65 1.70897
1.651 1.70997
1.652 1.71097
1.653 1.71197
1.654 1.71297
1.655 1.71397
1.656 1.71497
1.657 1.71597
1.658 1.71697
1.659 1.71797
1.66 1.71897
1.661 1.71997
1.662 1.72097
1.663 1.72197
1.664 1.72297
1.665 1.72397
1.666 1.72497
1.667 1.72597
1.668 1.72697
1.669 1.72797
1.67 1.72897
1.671 1.72997
1.672 1.73097
1.673 1.73197
1.674 1.73297
1.675 1.73397
1.676 1.73497
1.677 1.73597
1.678 1.73697
1.679 1.73797
1.68 1.73897
1.681 1.73997
1.682 1.74097
1.683 1.74197
1.684 1.74297
1.685 1.74397
1.686 1.74497
1.687 1.74597
1.688 1.74697
1.689 1.74797
1.69 1.74897
1.691 1.74997
1.692 1.75097
1.693 1.75197
1.694 1.75297
1.695 1.75397
1.696 1.75497
1.697 1.75597
1.698 1.75697
1.699 1.75797
1.7 1.75897
1.701 1.75997
1.702 1.76097
1.703 1.76197
1.704 1.76297
1.705 1.76397
1.706 1.76497
1.707 1.76597
1.708 1.76697
1.709 1.76797
1.71 1.76897
1.711 1.76997
1.712 1.77097
1.713 1.77197
1.714 1.77297
1.715 1.77397
1.716 1.77497
1.717 1.77597
1.718 1.77697
1.719 1.77797
1.72 1.77897
1.721 1.77997
1.722 1.78097
1.723 1.78197
1.724 1.78297
1.725 1.78397
1.726 1.78497
1.727 1.78597
1.728 1.78697
1.729 1.78797
1.73 1.78897
1.731 1.78997
1.732 1.79097
1.733 1.79197
1.734 1.79297
1.735 1.79397
1.736 1.79497
1.737 1.79598
1.738 1.79698
1.739 1.79798
1.74 1.79898
1.741 1.79998
1.742 1.80098
1.743 1.80198
1.744 1.80298
1.745 1.80398
1.746 1.80498
1.747 1.80598
1.748 1.80698
1.749 1.80798
1.75 1.80898
1.751 1.80998
1.752 1.81098
1.753 1.81198
1.754 1.81298
1.755 1.81398
1.756 1.81498
1.757 1.81598
1.758 1.81698
1.759 1.81798
1.76 1.81898
1.761 1.81998
1.762 1.82098
1.763 1.82198
1.764 1.82298
1.765 1.82398
1.766 1.82498
1.767 1.82598
1.768 1.82698
1.769 1.82798
1.77 1.82898
1.771 1.82998
1.772 1.83098
1.773 1.83198
1.774 1.83298
1.775 1.83398
1.776 1.83498
1.777 1.83598
1.778 1.83698
1.779 1.83798
1.78 1.83898
1.781 1.83998
1.782 1.84098
1.783 1.84198
1.784 1.84298
1.785 1.84398
1.786 1.84498
1.787 1.84598
1.788 1.84698
1.789 1.84798
1.79 1.84898
1.791 1.84998
1.792 1.85098
1.793 1.85198
1.794 1.85298
1.795 1.85398
1.796 1.85498
1.797 1.85598
1.798 1.85698
1.799 1.85798
1.8 1.85898
1.801 1.85999
1.802 1.86099
1.803 1.86199
1.804 1.86299
1.805 1.86399
1.806 1.86499
1.807 1.86599
1.808 1.86699
1.809 1.86799
1.81 1.86899
1.811 1.86999
1.812 1.87099
1.813 1.87199
1.814 1.87299
1.815 1.87399
1.816 1.87499
1.817 1.87599
1.818 1.87699
1.819 1.87799
1.82 1.87899
1.821 1.87999
1.822 1.88099
1.823 1.88199
1.824 1.88299
1.825 1.88399
1.826 1.88499
1.827 1.88599
1.828 1.88699
1.829 1.88799
1.83 1.88899
1.831 1.88999
1.832 1.89099
1.833 1.89199
1.834 1.89299
1.835 1.89399
1.836 1.89499
1.837 1.89599
1.838 1.89699
1.839 1.89799
1.84 1.89899
1.841 1.89999
1.842 1.90099
1.843 1.90199
1.844 1.90299
1.845 1.90399
1.846 1.905
1.847 1.906
1.848 1.907
1.849 1.908
1.85 1.909
1.851 1.91
1.852 1.911
1.853 1.912
1.854 1.913
1.855 1.914
1.856 1.915
1.857 1.916
1.858 1.917
1.859 1.918
1.86 1.919
1.861 1.92
1.862 1.921
1.863 1.922
1.864 1.923
1.865 1.924
1.866 1.925
1.867 1.926
1.868 1.927
1.869 1.928
1.87 1.929
1.871 1.93
1.872 1.931
1.873 1.932
1.874 1.933
1.875 1.934
1.876 1.935
1.877 1.936
1.878 1.937
1.879 1.938
1.88 1.939
1.881 1.94
1.882 1.941
1.883 1.942
1.884 1.94301
1.885 1.94401
1.886 1.94501
1.887 1.94601
1.888 1.94701
1.889 1.94801
1.89 1.94901
1.891 1.95001
1.892 1.95101
1.893 1.95201
1.894 1.95301
1.895 1.95401
1.896 1.95501
1.897 1.95601
1.898 1.95701
1.899 1.95801
1.9 1.95901
1.901 1.96001
1.902 1.96101
1.903 1.96201
1.904 1.96301
1.905 1.96401
1.906 1.96501
1.907 1.96601
1.908 1.96701
1.909 1.96801
1.91 1.96901
1.911 1.97001
1.912 1.97101
1.913 1.97201
1.914 1.97301
1.915 1.97401
1.916 1.97502
1.917 1.97602
1.918 1.97702
1.919 1.97802
1.92 1.97902
1.921 1.98002
1.922 1.98102
1.923 1.98202
1.924 1.98302
1.925 1.98402
1.926 1.98502
1.927 1.98602
1.928 1.98702
1.929 1.98802
1.93 1.98902
1.931 1.99002
1.932 1.99102
1.933 1.99202
1.934 1.99302
1.935 1.99402
1.936 1.99502
1.937 1.99602
1.938 1.99702
1.939 1.99802
1.94 1.99902
1.941 2.00002
1.942 2.00102
1.943 2.00202
1.944 2.00302
1.945 2.00402
1.946 2.00503
1.947 2.00603
1.948 2.00703
1.949 2.00803
1.95 2.00903
1.951 2.01003
1.952 2.01103
1.953 2.01203
1.954 2.01303
1.955 2.01403
1.956 2.01503
1.957 2.01603
1.958 2.01703
1.959 2.01803
1.96 2.01903
1.961 2.02003
1.962 2.02103
1.963 2.02203
1.964 2.02303
1.965 2.02403
1.966 2.02503
1.967 2.02603
1.968 2.02703
1.969 2.02803
1.97 2.02903
1.971 2.03003
1.972 2.03103
1.973 2.03204
1.974 2.03304
1.975 2.03404
1.976 2.03504
1.977 2.03604
1.978 2.03704
1.979 2.03804
1.98 2.03904
1.981 2.04004
1.982 2.04104
1.983 2.04204
1.984 2.04304
1.985 2.04404
1.986 2.04504
1.987 2.04604
1.988 2.04704
1.989 2.04804
1.99 2.04904
1.991 2.05004
1.992 2.05104
1.993 2.05204
1.994 2.05304
1.995 2.05404
1.996 2.05504
1.997 2.05604
1.998 2.05704
1.999 2.05805
2 2.05905
2.001 2.06005
2.002 2.06105
2.003 2.06205
2.004 2.06305
2.005 2.06405
2.006 2.06505
2.007 2.06605
2.008 2.06705
2.009 2.06805
2.01 2.06905
2.011 2.07005
2.012 2.07105
2.013 2.07205
2.014 2.07305
2.015 2.07405
2.016 2.07505
2.017 2.07605
2.018 2.07705
2.019 2.07805
2.02 2.07905
2.021 2.08005
2.022 2.08105
2.023 2.08206
2.024 2.08306
2.025 2.08406
2.026 2.08506
2.027 2.08606
2.028 2.08706
2.029 2.08806
2.03 2.08906
2.031 2.09006
2.032 2.09106
2.033 2.09206
2.034 2.09306
2.035 2.09406
2.036 2.09506
2.037 2.09606
2.038 2.09706
2.039 2.09806
2.04 2.09906
2.041 2.10006
2.042 2.10106
2.043 2.10206
2.044 2.10306
2.045 2.10407
2.046 2.10507
2.047 2.10607
2.048 2.10707
2.049 2.10807
2.05 2.10907
2.051 2.11007
2.052 2.11107
2.053 2.11207
2.054 2.11307
2.055 2.11407
2.056 2.11507
2.057 2.11607
2.058 2.11707
2.059 2.11807
2.06 2.11907
2.061 2.12007
2.062 2.12107
2.063 2.12207
2.064 2.12307
2.065 2.12407
2.066 2.12507
2.067 2.12608
2.068 2.12708
2.069 2.12808
2.07 2.12908
2.071 2.13008
2.072 2.13108
2.073 2.13208
2.074 2.13308
2.075 2.13408
2.076 2.13508
2.077 2.13608
2.078 2.13708
2.079 2.13808
2.08 2.13908
2.081 2.14008
2.082 2.14108
2.083 2.14208
2.084 2.14308
2.085 2.14408
2.086 2.14508
2.087 2.14608
2.088 2.14709
2.089 2.14809
2.09 2.14909
2.091 2.15009
2.092 2.15109
2.093 2.15209
2.094 2.15309
2.095 2.15409
2.096 2.15509
2.097 2.15609
2.098 2.15709
2.099 2.15809
2.1 2.15909
2.101 2.16009
2.102 2.16109
2.103 2.16209
2.104 2.16309
2.105 2.16409
2.106 2.16509
2.107 2.16609
2.108 2.1671
2.109 2.1681
2.11 2.1691
2.111 2.1701
2.112 2.1711
2.113 2.1721
2.114 2.1731
2.115 2.1741
2.116 2.1751
2.117 2.1761
2.118 2.1771
2.119 2.1781
2.12 2.1791
2.121 2.1801
2.122 2.1811
2.123 2.1821
2.124 2.1831
2.125 2.1841
2.126 2.1851
2.127 2.1861
2.128 2.18711
2.129 2.18811
2.13 2.18911
2.131 2.19011
2.132 2.19111
2.133 2.19211
2.134 2.19311
2.135 2.19411
2.136 2.19511
2.137 2.19611
2.138 2.19711
2.139 2.19811
2.14 2.19911
2.141 2.20011
2.142 2.20111
2.143 2.20211
2.144 2.20311
2.145 2.20411
2.146 2.20512
2.147 2.20612
2.148 2.20712
2.149 2.20812
2.15 2.20912
2.151 2.21012
2.152 2.21112
2.153 2.21212
2.154 2.21312
2.155 2.21412
2.156 2.21512
2.157 2.21612
2.158 2.21712
2.159 2.21812
2.16 2.21912
2.161 2.22012
2.162 2.22112
2.163 2.22212
2.164 2.22312
2.165 2.22413
2.166 2.22513
2.167 2.22613
2.168 2.22713
2.169 2.22813
2.17 2.22913
2.171 2.23013
2.172 2.23113
2.173 2.23213
2.174 2.23313
2.175 2.23413
2.176 2.23513
2.177 2.23613
2.178 2.23713
2.179 2.23813
2.18 2.23913
2.181 2.24013
2.182 2.24113
2.183 2.24214
2.184 2.24314
2.185 2.24414
2.186 2.24514
2.187 2.24614
2.188 2.24714
2.189 2.24814
2.19 2.24914
2.191 2.25014
2.192 2.25114
2.193 2.25214
2.194 2.25314
2.195 2.25414
2.196 2.25514
2.197 2.25614
2.198 2.25714
2.199 2.25814
2.2 2.25915
2.201 2.26015
2.202 2.26115
2.203 2.26215
2.204 2.26315
2.205 2.26415
2.206 2.26515
2.207 2.26615
2.208 2.26715
2.209 2.26815
2.21 2.26915
2.211 2.27015
2.212 2.27115
2.213 2.27215
2.214 2.27315
2.215 2.27415
2.216 2.27515
2.217 2.27616
2.218 2.27716
2.219 2.27816
2.22 2.27916
2.221 2.28016
2.222 2.28116
2.223 2.28216
2.224 2.28316
2.225 2.28416
2.226 2.28516
2.227 2.28616
2.228 2.28716
2.229 2.28816
2.23 2.28916
2.231 2.29016
2.232 2.29116
2.233 2.29216
2.234 2.29317
2.235 2.29417
2.236 2.29517
2.237 2.29617
2.238 2.29717
2.239 2.29817
2.24 2.29917
2.241 2.30017
2.242 2.30117
2.243 2.30217
2.244 2.30317
2.245 2.30417
2.246 2.30517
2.247 2.30617
2.248 2.30717
2.249 2.30817
2.25 2.30918
2.251 2.31018
2.252 2.31118
2.253 2.31218
2.254 2.31318
2.255 2.31418
2.256 2.31518
2.257 2.31618
2.258 2.31718
2.259 2.31818
2.26 2.31918
2.261 2.32018
2.262 2.32118
2.263 2.32218
2.264 2.32318
2.265 2.32418
2.266 2.32519
2.267 2.32619
2.268 2.32719
2.269 2.32819
2.27 2.32919
2.271 2.33019
2.272 2.33119
2.273 2.33219
2.274 2.33319
2.275 2.33419
2.276 2.33519
2.277 2.33619
2.278 2.33719
2.279 2.33819
2.28 2.33919
2.281 2.34019
2.282 2.3412
2.283 2.3422
2.284 2.3432
2.285 2.3442
2.286 2.3452
2.287 2.3462
2.288 2.3472
2.289 2.3482
2.29 2.3492
2.291 2.3502
2.292 2.3512
2.293 2.3522
2.294 2.3532
2.295 2.3542
2.296 2.3552
2.297 2.35621
2.298 2.35721
2.299 2.35821
2.3 2.35921
2.301 2.36021
2.302 2.36121
2.303 2.36221
2.304 2.36321
2.305 2.36421
2.306 2.36521
2.307 2.36621
2.308 2.36721
2.309 2.36821
2.31 2.36921
2.311 2.37021
2.312 2.37122
2.313 2.37222
2.314 2.37322
2.315 2.37422
2.316 2.37522
2.317 2.37622
2.318 2.37722
2.319 2.37822
2.32 2.37922
2.321 2.38022
2.322 2.38122
2.323 2.38222
2.324 2.38322
2.325 2.38422
2.326 2.38522
2.327 2.38623
2.328 2.38723
2.329 2.38823
2.33 2.38923
2.331 2.39023
2.332 2.39123
2.333 2.39223
2.334 2.39323
2.335 2.39423
2.336 2.39523
2.337 2.39623
2.338 2.39723
2.339 2.39823
2.34 2.39923
2.341 2.40023
2.342 2.40124
2.343 2.40224
2.344 2.40324
2.345 2.40424
2.346 2.40524
2.347 2.40624
2.348 2.40724
2.349 2.40824
2.35 2.40924
2.351 2.41024
2.352 2.41124
2.353 2.41224
2.354 2.41324
2.355 2.41424
2.356 2.41524
2.357 2.41625
2.358 2.41725
2.359 2.41825
2.36 2.41925
2.361 2.42025
2.362 2.42125
2.363 2.42225
2.364 2.42325
2.365 2.42425
2.366 2.42525
2.367 2.42625
2.368 2.42725
2.369 2.42825
2.37 2.42925
2.371 2.43026
2.372 2.43126
2.373 2.43226
2.374 2.43326
2.375 2.43426
2.376 2.43526
2.377 2.43626
2.378 2.43726
2.379 2.43826
2.38 2.43926
2.381 2.44026
2.382 2.44126
2.383 2.44226
2.384 2.44326
2.385 2.44427
2.386 2.44527
2.387 2.44627
2.388 2.44727
2.389 2.44827
2.39 2.44927
2.391 2.45027
2.392 2.45127
2.393 2.45227
2.394 2.45327
2.395 2.45427
2.396 2.45527
2.397 2.45627
2.398 2.45727
2.399 2.45828
2.4 2.45928
2.401 2.46028
2.402 2.46128
2.403 2.46228
2.404 2.46328
2.405 2.46428
2.406 2.46528
2.407 2.46628
2.408 2.46728
2.409 2.46828
2.41 2.46928
2.411 2.47028
2.412 2.47128
2.413 2.47229
2.414 2.47329
2.415 2.47429
2.416 2.47529
2.417 2.47629
2.418 2.47729
2.419 2.47829
2.42 2.47929
2.421 2.48029
2.422 2.48129
2.423 2.48229
2.424 2.48329
2.425 2.48429
2.426 2.48529
2.427 2.4863
2.428 2.4873
2.429 2.4883
2.43 2.4893
2.431 2.4903
2.432 2.4913
2.433 2.4923
2.434 2.4933
2.435 2.4943
2.436 2.4953
2.437 2.4963
2.438 2.4973
2.439 2.4983
2.44 2.49931
2.441 2.50031
2.442 2.50131
2.443 2.50231
2.444 2.50331
2.445 2.50431
2.446 2.50531
2.447 2.50631
2.448 2.50731
2.449 2.50831
2.45 2.50931
2.451 2.51031
2.452 2.51131
2.453 2.51231
2.454 2.51332
2.455 2.51432
2.456 2.51532
2.457 2.51632
2.458 2.51732
2.459 2.51832
2.46 2.51932
2.461 2.52032
2.462 2.52132
2.463 2.52232
2.464 2.52332
2.465 2.52432
2.466 2.52532
2.467 2.52633
2.468 2.52733
2.469 2.52833
2.47 2.52933
2.471 2.53033
2.472 2.53133
2.473 2.53233
2.474 2.53333
2.475 2.53433
2.476 2.53533
2.477 2.53633
2.478 2.53733
2.479 2.53833
2.48 2.53934
2.481 2.54034
2.482 2.54134
2.483 2.54234
2.484 2.54334
2.485 2.54434
2.486 2.54534
2.487 2.54634
2.488 2.54734
2.489 2.54834
2.49 2.54934
2.491 2.55034
2.492 2.55134
2.493 2.55235
2.494 2.55335
2.495 2.55435
2.496 2.55535
2.497 2.55635
2.498 2.55735
2.499 2.55835
2.5 2.55935
2.501 2.56035
2.502 2.56135
2.503 2.56235
2.504 2.56335
2.505 2.56435
2.506 2.56536
2.507 2.56636
2.508 2.56736
2.509 2.56836
2.51 2.56936
2.511 2.57036
2.512 2.57136
2.513 2.57236
2.514 2.57336
2.515 2.57436
2.516 2.57536
2.517 2.57636
2.518 2.57736
2.519 2.57837
2.52 2.57937
2.521 2.58037
2.522 2.58137
2.523 2.58237
2.524 2.58337
2.525 2.58437
2.526 2.58537
2.527 2.58637
2.528 2.58737
2.529 2.58837
2.53 2.58937
2.531 2.59037
2.532 2.59138
2.533 2.59238
2.534 2.59338
2.535 2.59438
2.536 2.59538
2.537 2.59638
2.538 2.59738
2.539 2.59838
2.54 2.59938
2.541 2.60038
2.542 2.60138
2.543 2.60238
2.544 2.60339
2.545 2.60439
2.546 2.60539
2.547 2.60639
2.548 2.60739
2.549 2.60839
2.55 2.60939
2.551 2.61039
2.552 2.61139
2.553 2.61239
2.554 2.61339
2.555 2.61439
2.556 2.61539
2.557 2.6164
2.558 2.6174
2.559 2.6184
2.56 2.6194
2.561 2.6204
2.562 2.6214
2.563 2.6224
2.564 2.6234
2.565 2.6244
2.566 2.6254
2.567 2.6264
2.568 2.6274
2.569 2.62841
2.57 2.62941
2.571 2.63041
2.572 2.63141
2.573 2.63241
2.574 2.63341
2.575 2.63441
2.576 2.63541
2.577 2.63641
2.578 2.63741
2.579 2.63841
2.58 2.63941
2.581 2.64041
2.582 2.64142
2.583 2.64242
2.584 2.64342
2.585 2.64442
2.586 2.64542
2.587 2.64642
2.588 2.64742
2.589 2.64842
2.59 2.64942
2.591 2.65042
2.592 2.65142
2.593 2.65242
2.594 2.65343
2.595 2.65443
2.596 2.65543
2.597 2.65643
2.598 2.65743
2.599 2.65843
2.6 2.65943
2.601 2.66043
2.602 2.66143
2.603 2.66243
2.604 2.66343
2.605 2.66443
2.606 2.66544
2.607 2.66644
2.608 2.66744
2.609 2.66844
2.61 2.66944
2.611 2.67044
2.612 2.67144
2.613 2.67244
2.614 2.67344
2.615 2.67444
2.616 2.67544
2.617 2.67644
2.618 2.67744
2.619 2.67845
2.62 2.67945
2.621 2.68045
2.622 2.68145
2.623 2.68245
2.624 2.68345
2.625 2.68445
2.626 2.68545
2.627 2.68645
2.628 2.68745
2.629 2.68845
2.63 2.68945
2.631 2.69046
2.632 2.69146
2.633 2.69246
2.634 2.69346
2.635 2.69446
2.636 2.69546
2.637 2.69646
2.638 2.69746
2.639 2.69846
2.64 2.69946
2.641 2.70046
2.642 2.70146
2.643 2.70247
2.644 2.70347
2.645 2.70447
2.646 2.70547
2.647 2.70647
2.648 2.70747
2.649 2.70847
2.65 2.70947
2.651 2.71047
2.652 2.71147
2.653 2.71247
2.654 2.71347
2.655 2.71448
2.656 2.71548
2.657 2.71648
2.658 2.71748
2.659 2.71848
2.66 2.71948
2.661 2.72048
2.662 2.72148
2.663 2.72248
2.664 2.72348
2.665 2.72448
2.666 2.72548
2.667 2.72649
2.668 2.72749
2.669 2.72849
2.67 2.72949
2.671 2.73049
2.672 2.73149
2.673 2.73249
2.674 2.73349
2.675 2.73449
2.676 2.73549
2.677 2.73649
2.678 2.7375
2.679 2.7385
2.68 2.7395
2.681 2.7405
2.682 2.7415
2.683 2.7425
2.684 2.7435
2.685 2.7445
2.686 2.7455
2.687 2.7465
2.688 2.7475
2.689 2.7485
2.69 2.74951
2.691 2.75051
2.692 2.75151
2.693 2.75251
2.694 2.75351
2.695 2.75451
2.696 2.75551
2.697 2.75651
2.698 2.75751
2.699 2.75851
2.7 2.75951
2.701 2.76051
2.702 2.76152
2.703 2.76252
2.704 2.76352
2.705 2.76452
2.706 2.76552
2.707 2.76652
2.708 2.76752
2.709 2.76852
2.71 2.76952
2.711 2.77052
2.712 2.77152
2.713 2.77252
2.714 2.77353
2.715 2.77453
2.716 2.77553
2.717 2.77653
2.718 2.77753
2.719 2.77853
2.72 2.77953
2.721 2.78053
2.722 2.78153
2.723 2.78253
2.724 2.78353
2.725 2.78454
2.726 2.78554
2.727 2.78654
2.728 2.78754
2.729 2.78854
2.73 2.78954
2.731 2.79054
2.732 2.79154
2.733 2.79254
2.734 2.79354
2.735 2.79454
2.736 2.79554
2.737 2.79655
2.738 2.79755
2.739 2.79855
2.74 2.79955
2.741 2.80055
2.742 2.80155
2.743 2.80255
2.744 2.80355
2.745 2.80455
2.746 2.80555
2.747 2.80655
2.748 2.80755
2.749 2.80856
2.75 2.80956
2.751 2.81056
2.752 2.81156
2.753 2.81256
2.754 2.81356
2.755 2.81456
2.756 2.81556
2.757 2.81656
2.758 2.81756
2.759 2.81856
2.76 2.81957
2.761 2.82057
2.762 2.82157
2.763 2.82257
2.764 2.82357
2.765 2.82457
2.766 2.82557
2.767 2.82657
2.768 2.82757
2.769 2.82857
2.77 2.82957
2.771 2.83057
2.772 2.83158
2.773 2.83258
2.774 2.83358
2.775 2.83458
2.776 2.83558
2.777 2.83658
2.778 2.83758
2.779 2.83858
2.78 2.83958
2.781 2.84058
2.782 2.84158
2.783 2.84259
2.784 2.84359
2.785 2.84459
2.786 2.84559
2.787 2.84659
2.788 2.84759
2.789 2.84859
2.79 2.84959
2.791 2.85059
2.792 2.85159
2.793 2.85259
2.794 2.85359
2.795 2.8546
2.796 2.8556
2.797 2.8566
2.798 2.8576
2.799 2.8586
2.8 2.8596
2.801 2.8606
2.802 2.8616
2.803 2.8626
2.804 2.8636
2.805 2.8646
2.806 2.86561
2.807 2.86661
2.808 2.86761
2.809 2.86861
2.81 2.86961
2.811 2.87061
2.812 2.87161
2.813 2.87261
2.814 2.87361
2.815 2.87461
2.816 2.87561
2.817 2.87662
2.818 2.87762
2.819 2.87862
2.82 2.87962
2.821 2.88062
2.822 2.88162
2.823 2.88262
2.824 2.88362
2.825 2.88462
2.826 2.88562
2.827 2.88662
2.828 2.88762
2.829 2.88863
2.83 2.88963
2.831 2.89063
2.832 2.89163
2.833 2.89263
2.834 2.89363
2.835 2.89463
2.836 2.89563
2.837 2.89663
2.838 2.89763
2.839 2.89863
2.84 2.89964
2.841 2.90064
2.842 2.90164
2.843 2.90264
2.844 2.90364
2.845 2.90464
2.846 2.90564
2.847 2.90664
2.848 2.90764
2.849 2.90864
2.85 2.90964
2.851 2.91065
2.852 2.91165
2.853 2.91265
2.854 2.91365
2.855 2.91465
2.856 2.91565
2.857 2.91665
2.858 2.91765
2.859 2.91865
2.86 2.91965
2.861 2.92065
2.862 2.92165
2.863 2.92266
2.864 2.92366
2.865 2.92466
2.866 2.92566
2.867 2.92666
2.868 2.92766
2.869 2.92866
2.87 2.92966
2.871 2.93066
2.872 2.93166
2.873 2.93266
2.874 2.93367
2.875 2.93467
2.876 2.93567
2.877 2.93667
2.878 2.93767
2.879 2.93867
2.88 2.93967
2.881 2.94067
2.882 2.94167
2.883 2.94267
2.884 2.94367
2.885 2.94468
2.886 2.94568
2.887 2.94668
2.888 2.94768
2.889 2.94868
2.89 2.94968
2.891 2.95068
2.892 2.95168
2.893 2.95268
2.894 2.95368
2.895 2.95468
2.896 2.95569
2.897 2.95669
2.898 2.95769
2.899 2.95869
2.9 2.95969
2.901 2.96069
2.902 2.96169
2.903 2.96269
2.904 2.96369
2.905 2.96469
2.906 2.96569
2.907 2.96669
2.908 2.9677
2.909 2.9687
2.91 2.9697
2.911 2.9707
2.912 2.9717
2.913 2.9727
2.914 2.9737
2.915 2.9747
2.916 2.9757
2.917 2.9767
2.918 2.9777
2.919 2.97871
2.92 2.97971
2.921 2.98071
2.922 2.98171
2.923 2.98271
2.924 2.98371
2.925 2.98471
2.926 2.98571
2.927 2.98671
2.928 2.98771
2.929 2.98871
2.93 2.98972
2.931 2.99072
2.932 2.99172
2.933 2.99272
2.934 2.99372
2.935 2.99472
2.936 2.99572
2.937 2.99672
2.938 2.99772
2.939 2.99872
2.94 2.99972
2.941 3.00073
2.942 3.00173
2.943 3.00273
2.944 3.00373
2.945 3.00473
2.946 3.00573
2.947 3.00673
2.948 3.00773
2.949 3.00873
2.95 3.00973
2.951 3.01073
2.952 3.01174
2.953 3.01274
2.954 3.01374
2.955 3.01474
2.956 3.01574
2.957 3.01674
2.958 3.01774
2.959 3.01874
2.96 3.01974
2.961 3.02074
2.962 3.02174
2.963 3.02275
2.964 3.02375
2.965 3.02475
2.966 3.02575
2.967 3.02675
2.968 3.02775
2.969 3.02875
2.97 3.02975
2.971 3.03075
2.972 3.03175
2.973 3.03275
2.974 3.03375
2.975 3.03476
2.976 3.03576
2.977 3.03676
2.978 3.03776
2.979 3.03876
2.98 3.03976
2.981 3.04076
2.982 3.04176
2.983 3.04276
2.984 3.04376
2.985 3.04476
2.986 3.04577
2.987 3.04677
2.988 3.04777
2.989 3.04877
2.99 3.04977
2.991 3.05077
2.992 3.05177
2.993 3.05277
2.994 3.05377
2.995 3.05477
2.996 3.05577
2.997 3.05678
2.998 3.05778
2.999 3.05878
3 3.05978
3.001 3.06078
3.002 3.06178
3.003 3.06278
3.004 3.06378
3.005 3.06478
3.006 3.06578
3.007 3.06678
3.008 3.06779
3.009 3.06879
3.01 3.06979
3.011 3.07079
3.012 3.07179
3.013 3.07279
3.014 3.07379
3.015 3.07479
3.016 3.07579
3.017 3.07679
3.018 3.07779
3.019 3.0788
3.02 3.0798
3.021 3.0808
3.022 3.0818
3.023 3.0828
3.024 3.0838
3.025 3.0848
3.026 3.0858
3.027 3.0868
3.028 3.0878
3.029 3.0888
3.03 3.08981
3.031 3.09081
3.032 3.09181
3.033 3.09281
3.034 3.09381
3.035 3.09481
3.036 3.09581
3.037 3.09681
3.038 3.09781
3.039 3.09881
3.04 3.09981
3.041 3.10082
3.042 3.10182
3.043 3.10282
3.044 3.10382
3.045 3.10482
3.046 3.10582
3.047 3.10682
3.048 3.10782
3.049 3.10882
3.05 3.10982
3.051 3.11082
3.052 3.11182
3.053 3.11283
3.054 3.11383
3.055 3.11483
3.056 3.11583
3.057 3.11683
3.058 3.11783
3.059 3.11883
3.06 3.11983
3.061 3.12083
3.062 3.12183
3.063 3.12283
3.064 3.12384
3.065 3.12484
3.066 3.12584
3.067 3.12684
3.068 3.12784
3.069 3.12884
3.07 3.12984
3.071 3.13084
3.072 3.13184
3.073 3.13284
3.074 3.13384
3.075 3.13485
3.076 3.13585
3.077 3.13685
3.078 3.13785
3.079 3.13885
3.08 3.13985
3.081 3.14085
3.082 3.14185
3.083 3.14285
3.084 3.14385
3.085 3.14485
3.086 3.14586
3.087 3.14686
3.088 3.14786
3.089 3.14886
3.09 3.14986
3.091 3.15086
3.092 3.15186
3.093 3.15286
3.094 3.15386
3.095 3.15486
3.096 3.15586
3.097 3.15687
3.098 3.15787
3.099 3.15887
3.1 3.15987
3.101 3.16087
3.102 3.16187
3.103 3.16287
3.104 3.16387
3.105 3.16487
3.106 3.16587
3.107 3.16687
3.108 3.16788
3.109 3.16888
3.11 3.16988
3.111 3.17088
3.112 3.17188
3.113 3.17288
3.114 3.17388
3.115 3.17488
3.116 3.17588
3.117 3.17688
3.118 3.17788
3.119 3.17888
3.12 3.17989
3.121 3.18089
3.122 3.18189
3.123 3.18289
3.124 3.18389
3.125 3.18489
3.126 3.18589
3.127 3.18689
3.128 3.18789
3.129 3.18889
3.13 3.18989
3.131 3.1909
3.132 3.1919
3.133 3.1929
3.134 3.1939
3.135 3.1949
3.136 3.1959
3.137 3.1969
3.138 3.1979
3.139 3.1989
3.14 3.1999
3.141 3.2009
3.142 3.20191
3.143 3.20291
3.144 3.20391
3.145 3.20491
3.146 3.20591
3.147 3.20691
3.148 3.20791
3.149 3.20891
3.15 3.20991
3.151 3.21091
3.152 3.21191
3.153 3.21292
3.154 3.21392
3.155 3.21492
3.156 3.21592
3.157 3.21692
3.158 3.21792
3.159 3.21892
3.16 3.21992
3.161 3.22092
3.162 3.22192
3.163 3.22292
3.164 3.22392
3.165 3.22493
3.166 3.22593
3.167 3.22693
3.168 3.22793
3.169 3.22893
3.17 3.22993
3.171 3.23093
3.172 3.23193
3.173 3.23293
3.174 3.23393
3.175 3.23493
3.176 3.23594
3.177 3.23694
3.178 3.23794
3.179 3.23894
3.18 3.23994
3.181 3.24094
3.182 3.24194
3.183 3.24294
3.184 3.24394
3.185 3.24494
3.186 3.24594
3.187 3.24695
3.188 3.24795
3.189 3.24895
3.19 3.24995
3.191 3.25095
3.192 3.25195
3.193 3.25295
3.194 3.25395
3.195 3.25495
3.196 3.25595
3.197 3.25695
3.198 3.25796
3.199 3.25896
3.2 3.25996
3.201 3.26096
3.202 3.26196
3.203 3.26296
3.204 3.26396
3.205 3.26496
3.206 3.26596
3.207 3.26696
3.208 3.26796
3.209 3.26896
3.21 3.26997
3.211 3.27097
3.212 3.27197
3.213 3.27297
3.214 3.27397
3.215 3.27497
3.216 3.27597
3.217 3.27697
3.218 3.27797
3.219 3.27897
3.22 3.27997
3.221 3.28098
3.222 3.28198
3.223 3.28298
3.224 3.28398
3.225 3.28498
3.226 3.28598
3.227 3.28698
3.228 3.28798
3.229 3.28898
3.23 3.28998
3.231 3.29098
3.232 3.29198
3.233 3.29299
3.234 3.29399
3.235 3.29499
3.236 3.29599
3.237 3.29699
3.238 3.29799
3.239 3.29899
3.24 3.29999
3.241 3.30099
3.242 3.30199
3.243 3.30299
3.244 3.304
3.245 3.305
3.246 3.306
3.247 3.307
3.248 3.308
3.249 3.309
3.25 3.31
3.251 3.311
3.252 3.312
3.253 3.313
3.254 3.314
3.255 3.315
3.256 3.31601
3.257 3.31701
3.258 3.31801
3.259 3.31901
3.26 3.32001
3.261 3.32101
3.262 3.32201
3.263 3.32301
3.264 3.32401
3.265 3.32501
3.266 3.32601
3.267 3.32702
3.268 3.32802
3.269 3.32902
3.27 3.33002
3.271 3.33102
3.272 3.33202
3.273 3.33302
3.274 3.33402
3.275 3.33502
3.276 3.33602
3.277 3.33702
3.278 3.33802
3.279 3.33903
3.28 3.34003
3.281 3.34103
3.282 3.34203
3.283 3.34303
3.284 3.34403
3.285 3.34503
3.286 3.34603
3.287 3.34703
3.288 3.34803
3.289 3.34903
3.29 3.35004
3.291 3.35104
3.292 3.35204
3.293 3.35304
3.294 3.35404
3.295 3.35504
3.296 3.35604
3.297 3.35704
3.298 3.35804
3.299 3.35904
3.3 3.36004
3.301 3.36104
3.302 3.36205
3.303 3.36305
3.304 3.36405
3.305 3.36505
3.306 3.36605
3.307 3.36705
3.308 3.36805
3.309 3.36905
3.31 3.37005
3.311 3.37105
3.312 3.37205
3.313 3.37305
3.314 3.37406
3.315 3.37506
3.316 3.37606
3.317 3.37706
3.318 3.37806
3.319 3.37906
3.32 3.38006
3.321 3.38106
3.322 3.38206
3.323 3.38306
3.324 3.38406
3.325 3.38507
3.326 3.38607
3.327 3.38707
3.328 3.38807
3.329 3.38907
3.33 3.39007
3.331 3.39107
3.332 3.39207
3.333 3.39307
3.334 3.39407
3.335 3.39507
3.336 3.39607
3.337 3.39708
3.338 3.39808
3.339 3.39908
3.34 3.40008
3.341 3.40108
3.342 3.40208
3.343 3.40308
3.344 3.40408
3.345 3.40508
3.346 3.40608
3.347 3.40708
3.348 3.40808
3.349 3.40909
3.35 3.41009
3.351 3.41109
3.352 3.41209
3.353 3.41309
3.354 3.41409
3.355 3.41509
3.356 3.41609
3.357 3.41709
3.358 3.41809
3.359 3.41909
3.36 3.42009
3.361 3.4211
3.362 3.4221
3.363 3.4231
3.364 3.4241
3.365 3.4251
3.366 3.4261
3.367 3.4271
3.368 3.4281
3.369 3.4291
3.37 3.4301
3.371 3.4311
3.372 3.4321
3.373 3.43311
3.374 3.43411
3.375 3.43511
3.376 3.43611
3.377 3.43711
3.378 3.43811
3.379 3.43911
3.38 3.44011
3.381 3.44111
3.382 3.44211
3.383 3.44311
3.384 3.44411
3.385 3.44512
3.386 3.44612
3.387 3.44712
3.388 3.44812
3.389 3.44912
3.39 3.45012
3.391 3.45112
3.392 3.45212
3.393 3.45312
3.394 3.45412
3.395 3.45512
3.396 3.45612
3.397 3.45713
3.398 3.45813
3.399 3.45913
3.4 3.46013
3.401 3.46113
3.402 3.46213
3.403 3.46313
3.404 3.46413
3.405 3.46513
3.406 3.46613
3.407 3.46713
3.408 3.46813
3.409 3.46914
3.41 3.47014
3.411 3.47114
3.412 3.47214
3.413 3.47314
3.414 3.47414
3.415 3.47514
3.416 3.47614
3.417 3.47714
3.418 3.47814
3.419 3.47914
3.42 3.48014
3.421 3.48115
3.422 3.48215
3.423 3.48315
3.424 3.48415
3.425 3.48515
3.426 3.48615
3.427 3.48715
3.428 3.48815
3.429 3.48915
3.43 3.49015
3.431 3.49115
3.432 3.49215
3.433 3.49316
3.434 3.49416
3.435 3.49516
3.436 3.49616
3.437 3.49716
3.438 3.49816
3.439 3.49916
3.44 3.50016
3.441 3.50116
3.442 3.50216
3.443 3.50316
3.444 3.50416
3.445 3.50516
3.446 3.50617
3.447 3.50717
3.448 3.50817
3.449 3.50917
3.45 3.51017
3.451 3.51117
3.452 3.51217
3.453 3.51317
3.454 3.51417
3.455 3.51517
3.456 3.51617
3.457 3.51717
3.458 3.51818
3.459 3.51918
3.46 3.52018
3.461 3.52118
3.462 3.52218
3.463 3.52318
3.464 3.52418
3.465 3.52518
3.466 3.52618
3.467 3.52718
3.468 3.52818
3.469 3.52918
3.47 3.53018
3.471 3.53119
3.472 3.53219
3.473 3.53319
3.474 3.53419
3.475 3.53519
3.476 3.53619
3.477 3.53719
3.478 3.53819
3.479 3.53919
3.48 3.54019
3.481 3.54119
3.482 3.54219
3.483 3.5432
3.484 3.5442
3.485 3.5452
3.486 3.5462
3.487 3.5472
3.488 3.5482
3.489 3.5492
3.49 3.5502
3.491 3.5512
3.492 3.5522
3.493 3.5532
3.494 3.5542
3.495 3.5552
3.496 3.55621
3.497 3.55721
3.498 3.55821
3.499 3.55921
3.5 3.56021
3.501 3.56121
3.502 3.56221
3.503 3.56321
3.504 3.56421
3.505 3.56521
3.506 3.56621
3.507 3.56721
3.508 3.56821
3.509 3.56922
3.51 3.57022
3.511 3.57122
3.512 3.57222
3.513 3.57322
3.514 3.57422
3.515 3.57522
3.516 3.57622
3.517 3.57722
3.518 3.57822
3.519 3.57922
3.52 3.58022
3.521 3.58123
3.522 3.58223
3.523 3.58323
3.524 3.58423
3.525 3.58523
3.526 3.58623
3.527 3.58723
3.528 3.58823
3.529 3.58923
3.53 3.59023
3.531 3.59123
3.532 3.59223
3.533 3.59323
3.534 3.59424
3.535 3.59524
3.536 3.59624
3.537 3.59724
3.538 3.59824
3.539 3.59924
3.54 3.60024
3.541 3.60124
3.542 3.60224
3.543 3.60324
3.544 3.60424
3.545 3.60524
3.546 3.60624
3.547 3.60725
3.548 3.60825
3.549 3.60925
3.55 3.61025
3.551 3.61125
3.552 3.61225
3.553 3.61325
3.554 3.61425
3.555 3.61525
3.556 3.61625
3.557 3.61725
3.558 3.61825
3.559 3.61925
3.56 3.62025
3.561 3.62126
3.562 3.62226
3.563 3.62326
3.564 3.62426
3.565 3.62526
3.566 3.62626
3.567 3.62726
3.568 3.62826
3.569 3.62926
3.57 3.63026
3.571 3.63126
3.572 3.63226
3.573 3.63326
3.574 3.63427
3.575 3.63527
3.576 3.63627
3.577 3.63727
3.578 3.63827
3.579 3.63927
3.58 3.64027
3.581 3.64127
3.582 3.64227
3.583 3.64327
3.584 3.64427
3.585 3.64527
3.586 3.64627
3.587 3.64728
3.588 3.64828
3.589 3.64928
3.59 3.65028
3.591 3.65128
3.592 3.65228
3.593 3.65328
3.594 3.65428
3.595 3.65528
3.596 3.65628
3.597 3.65728
3.598 3.65828
3.599 3.65928
3.6 3.66028
3.601 3.66129
3.602 3.66229
3.603 3.66329
3.604 3.66429
3.605 3.66529
3.606 3.66629
3.607 3.66729
3.608 3.66829
3.609 3.66929
3.61 3.67029
3.611 3.67129
3.612 3.67229
3.613 3.67329
3.614 3.67429
3.615 3.6753
3.616 3.6763
3.617 3.6773
3.618 3.6783
3.619 3.6793
3.62 3.6803
3.621 3.6813
3.622 3.6823
3.623 3.6833
3.624 3.6843
3.625 3.6853
3.626 3.6863
3.627 3.6873
3.628 3.6883
3.629 3.68931
3.63 3.69031
3.631 3.69131
3.632 3.69231
3.633 3.69331
3.634 3.69431
3.635 3.69531
3.636 3.69631
3.637 3.69731
3.638 3.69831
3.639 3.69931
3.64 3.70031
3.641 3.70131
3.642 3.70231
3.643 3.70332
3.644 3.70432
3.645 3.70532
3.646 3.70632
3.647 3.70732
3.648 3.70832
3.649 3.70932
3.65 3.71032
3.651 3.71132
3.652 3.71232
3.653 3.71332
3.654 3.71432
3.655 3.71532
3.656 3.71632
3.657 3.71733
3.658 3.71833
3.659 3.71933
3.66 3.72033
3.661 3.72133
3.662 3.72233
3.663 3.72333
3.664 3.72433
3.665 3.72533
3.666 3.72633
3.667 3.72733
3.668 3.72833
3.669 3.72933
3.67 3.73033
3.671 3.73134
3.672 3.73234
3.673 3.73334
3.674 3.73434
3.675 3.73534
3.676 3.73634
3.677 3.73734
3.678 3.73834
3.679 3.73934
3.68 3.74034
3.681 3.74134
3.682 3.74234
3.683 3.74334
3.684 3.74434
3.685 3.74534
3.686 3.74635
3.687 3.74735
3.688 3.74835
3.689 3.74935
3.69 3.75035
3.691 3.75135
3.692 3.75235
3.693 3.75335
3.694 3.75435
3.695 3.75535
3.696 3.75635
3.697 3.75735
3.698 3.75835
3.699 3.75935
3.7 3.76035
3.701 3.76136
3.702 3.76236
3.703 3.76336
3.704 3.76436
3.705 3.76536
3.706 3.76636
3.707 3.76736
3.708 3.76836
3.709 3.76936
3.71 3.77036
3.711 3.77136
3.712 3.77236
3.713 3.77336
3.714 3.77436
3.715 3.77536
3.716 3.77637
3.717 3.77737
3.718 3.77837
3.719 3.77937
3.72 3.78037
3.721 3.78137
3.722 3.78237
3.723 3.78337
3.724 3.78437
3.725 3.78537
3.726 3.78637
3.727 3.78737
3.728 3.78837
3.729 3.78937
3.73 3.79037
3.731 3.79138
3.732 3.79238
3.733 3.79338
3.734 3.79438
3.735 3.79538
3.736 3.79638
3.737 3.79738
3.738 3.79838
3.739 3.79938
3.74 3.80038
3.741 3.80138
3.742 3.80238
3.743 3.80338
3.744 3.80438
3.745 3.80538
3.746 3.80638
3.747 3.80739
3.748 3.80839
3.749 3.80939
3.75 3.81039
3.751 3.81139
3.752 3.81239
3.753 3.81339
3.754 3.81439
3.755 3.81539
3.756 3.81639
3.757 3.81739
3.758 3.81839
3.759 3.81939
3.76 3.82039
3.761 3.82139
3.762 3.8224
3.763 3.8234
3.764 3.8244
3.765 3.8254
3.766 3.8264
3.767 3.8274
3.768 3.8284
3.769 3.8294
3.77 3.8304
3.771 3.8314
3.772 3.8324
3.773 3.8334
3.774 3.8344
3.775 3.8354
3.776 3.8364
3.777 3.8374
3.778 3.83841
3.779 3.83941
3.78 3.84041
3.781 3.84141
3.782 3.84241
3.783 3.84341
3.784 3.84441
3.785 3.84541
3.786 3.84641
3.787 3.84741
3.788 3.84841
3.789 3.84941
3.79 3.85041
3.791 3.85141
3.792 3.85241
3.793 3.85341
3.794 3.85441
3.795 3.85542
3.796 3.85642
3.797 3.85742
3.798 3.85842
3.799 3.85942
3.8 3.86042
3.801 3.86142
3.802 3.86242
3.803 3.86342
3.804 3.86442
3.805 3.86542
3.806 3.86642
3.807 3.86742
3.808 3.86842
3.809 3.86942
3.81 3.87042
3.811 3.87143
3.812 3.87243
3.813 3.87343
3.814 3.87443
3.815 3.87543
3.816 3.87643
3.817 3.87743
3.818 3.87843
3.819 3.87943
3.82 3.88043
3.821 3.88143
3.822 3.88243
3.823 3.88343
3.824 3.88443
3.825 3.88543
3.826 3.88643
3.827 3.88743
3.828 3.88844
3.829 3.88944
3.83 3.89044
3.831 3.89144
3.832 3.89244
3.833 3.89344
3.834 3.89444
3.835 3.89544
3.836 3.89644
3.837 3.89744
3.838 3.89844
3.839 3.89944
3.84 3.90044
3.841 3.90144
3.842 3.90244
3.843 3.90344
3.844 3.90444
3.845 3.90544
3.846 3.90645
3.847 3.90745
3.848 3.90845
3.849 3.90945
3.85 3.91045
3.851 3.91145
3.852 3.91245
3.853 3.91345
3.854 3.91445
3.855 3.91545
3.856 3.91645
3.857 3.91745
3.858 3.91845
3.859 3.91945
3.86 3.92045
3.861 3.92145
3.862 3.92245
3.863 3.92345
3.864 3.92446
3.865 3.92546
3.866 3.92646
3.867 3.92746
3.868 3.92846
3.869 3.92946
3.87 3.93046
3.871 3.93146
3.872 3.93246
3.873 3.93346
3.874 3.93446
3.875 3.93546
3.876 3.93646
3.877 3.93746
3.878 3.93846
3.879 3.93946
3.88 3.94046
3.881 3.94146
3.882 3.94247
3.883 3.94347
3.884 3.94447
3.885 3.94547
3.886 3.94647
3.887 3.94747
3.888 3.94847
3.889 3.94947
3.89 3.95047
3.891 3.95147
3.892 3.95247
3.893 3.95347
3.894 3.95447
3.895 3.95547
3.896 3.95647
3.897 3.95747
3.898 3.95847
3.899 3.95947
3.9 3.96047
3.901 3.96148
3.902 3.96248
3.903 3.96348
3.904 3.96448
3.905 3.96548
3.906 3.96648
3.907 3.96748
3.908 3.96848
3.909 3.96948
3.91 3.97048
3.911 3.97148
3.912 3.97248
3.913 3.97348
3.914 3.97448
3.915 3.97548
3.916 3.97648
3.917 3.97748
3.918 3.97848
3.919 3.97948
3.92 3.98048
3.921 3.98149
3.922 3.98249
3.923 3.98349
3.924 3.98449
3.925 3.98549
3.926 3.98649
3.927 3.98749
3.928 3.98849
3.929 3.98949
3.93 3.99049
3.931 3.99149
3.932 3.99249
3.933 3.99349
3.934 3.99449
3.935 3.99549
3.936 3.99649
3.937 3.99749
3.938 3.99849
3.939 3.99949
3.94 4.00049
3.941 4.0015
3.942 4.0025
3.943 4.0035
3.944 4.0045
3.945 4.0055
3.946 4.0065
3.947 4.0075
3.948 4.0085
3.949 4.0095
3.95 4.0105
3.951 4.0115
3.952 4.0125
3.953 4.0135
3.954 4.0145
3.955 4.0155
3.956 4.0165
3.957 4.0175
3.958 4.0185
3.959 4.0195
3.96 4.0205
3.961 4.0215
3.962 4.02251
3.963 4.02351
3.964 4.02451
3.965 4.02551
3.966 4.02651
3.967 4.02751
3.968 4.02851
3.969 4.02951
3.97 4.03051
3.971 4.03151
3.972 4.03251
3.973 4.03351
3.974 4.03451
3.975 4.03551
3.976 4.03651
3.977 4.03751
3.978 4.03851
3.979 4.03951
3.98 4.04051
3.981 4.04151
3.982 4.04251
3.983 4.04351
3.984 4.04452
3.985 4.04552
3.986 4.04652
3.987 4.04752
3.988 4.04852
3.989 4.04952
3.99 4.05052
3.991 4.05152
3.992 4.05252
3.993 4.05352
3.994 4.05452
3.995 4.05552
3.996 4.05652
3.997 4.05752
3.998 4.05852
3.999 4.05952
4 4.06052
4.001 4.06152
4.002 4.06252
4.003 4.06352
4.004 4.06452
4.005 4.06552
4.006 4.06652
4.007 4.06753
4.008 4.06853
4.009 4.06953
4.01 4.07053
4.011 4.07153
4.012 4.07253
4.013 4.07353
4.014 4.07453
4.015 4.07553
4.016 4.07653
4.017 4.07753
4.018 4.07853
4.019 4.07953
4.02 4.08053
4.021 4.08153
4.022 4.08253
4.023 4.08353
4.024 4.08453
4.025 4.08553
4.026 4.08653
4.027 4.08753
4.028 4.08853
4.029 4.08953
4.03 4.09053
4.031 4.09154
4.032 4.09254
4.033 4.09354
4.034 4.09454
4.035 4.09554
4.036 4.09654
4.037 4.09754
4.038 4.09854
4.039 4.09954
4.04 4.10054
4.041 4.10154
4.042 4.10254
4.043 4.10354
4.044 4.10454
4.045 4.10554
4.046 4.10654
4.047 4.10754
4.048 4.10854
4.049 4.10954
4.05 4.11054
4.051 4.11154
4.052 4.11254
4.053 4.11354
4.054 4.11454
4.055 4.11554
4.056 4.11654
4.057 4.11755
4.058 4.11855
4.059 4.11955
4.06 4.12055
4.061 4.12155
4.062 4.12255
4.063 4.12355
4.064 4.12455
4.065 4.12555
4.066 4.12655
4.067 4.12755
4.068 4.12855
4.069 4.12955
4.07 4.13055
4.071 4.13155
4.072 4.13255
4.073 4.13355
4.074 4.13455
4.075 4.13555
4.076 4.13655
4.077 4.13755
4.078 4.13855
4.079 4.13955
4.08 4.14055
4.081 4.14155
4.082 4.14255
4.083 4.14355
4.084 4.14455
4.085 4.14556
4.086 4.14656
4.087 4.14756
4.088 4.14856
4.089 4.14956
4.09 4.15056
4.091 4.15156
4.092 4.15256
4.093 4.15356
4.094 4.15456
4.095 4.15556
4.096 4.15656
4.097 4.15756
4.098 4.15856
4.099 4.15956
4.1 4.16056
4.101 4.16156
4.102 4.16256
4.103 4.16356
4.104 4.16456
4.105 4.16556
4.106 4.16656
4.107 4.16756
4.108 4.16856
4.109 4.16956
4.11 4.17056
4.111 4.17156
4.112 4.17256
4.113 4.17356
4.114 4.17456
4.115 4.17557
4.116 4.17657
4.117 4.17757
4.118 4.17857
4.119 4.17957
4.12 4.18057
4.121 4.18157
4.122 4.18257
4.123 4.18357
4.124 4.18457
4.125 4.18557
4.126 4.18657
4.127 4.18757
4.128 4.18857
4.129 4.18957
4.13 4.19057
4.131 4.19157
4.132 4.19257
4.133 4.19357
4.134 4.19457
4.135 4.19557
4.136 4.19657
4.137 4.19757
4.138 4.19857
4.139 4.19957
4.14 4.20057
4.141 4.20157
4.142 4.20257
4.143 4.20357
4.144 4.20457
4.145 4.20557
4.146 4.20657
4.147 4.20757
4.148 4.20857
4.149 4.20958
4.15 4.21058
4.151 4.21158
4.152 4.21258
4.153 4.21358
4.154 4.21458
4.155 4.21558
4.156 4.21658
4.157 4.21758
4.158 4.21858
4.159 4.21958
4.16 4.22058
4.161 4.22158
4.162 4.22258
4.163 4.22358
4.164 4.22458
4.165 4.22558
4.166 4.22658
4.167 4.22758
4.168 4.22858
4.169 4.22958
4.17 4.23058
4.171 4.23158
4.172 4.23258
4.173 4.23358
4.174 4.23458
4.175 4.23558
4.176 4.23658
4.177 4.23758
4.178 4.23858
4.179 4.23958
4.18 4.24058
4.181 4.24158
4.182 4.24258
4.183 4.24358
4.184 4.24458
4.185 4.24558
4.186 4.24658
4.187 4.24758
4.188 4.24859
4.189 4.24959
4.19 4.25059
4.191 4.25159
4.192 4.25259
4.193 4.25359
4.194 4.25459
4.195 4.25559
4.196 4.25659
4.197 4.25759
4.198 4.25859
4.199 4.25959
4.2 4.26059
4.201 4.26159
4.202 4.26259
4.203 4.26359
4.204 4.26459
4.205 4.26559
4.206 4.26659
4.207 4.26759
4.208 4.26859
4.209 4.26959
4.21 4.27059
4.211 4.27159
4.212 4.27259
4.213 4.27359
4.214 4.27459
4.215 4.27559
4.216 4.27659
4.217 4.27759
4.218 4.27859
4.219 4.27959
4.22 4.28059
4.221 4.28159
4.222 4.28259
4.223 4.28359
4.224 4.28459
4.225 4.28559
4.226 4.28659
4.227 4.28759
4.228 4.28859
4.229 4.28959
4.23 4.29059
4.231 4.29159
4.232 4.29259
4.233 4.29359
4.234 4.29459
4.235 4.29559
4.236 4.2966
4.237 4.2976
4.238 4.2986
4.239 4.2996
4.24 4.3006
4.241 4.3016
4.242 4.3026
4.243 4.3036
4.244 4.3046
4.245 4.3056
4.246 4.3066
4.247 4.3076
4.248 4.3086
4.249 4.3096
4.25 4.3106
4.251 4.3116
4.252 4.3126
4.253 4.3136
4.254 4.3146
4.255 4.3156
4.256 4.3166
4.257 4.3176
4.258 4.3186
4.259 4.3196
4.26 4.3206
4.261 4.3216
4.262 4.3226
4.263 4.3236
4.264 4.3246
4.265 4.3256
4.266 4.3266
4.267 4.3276
4.268 4.3286
4.269 4.3296
4.27 4.3306
4.271 4.3316
4.272 4.3326
4.273 4.3336
4.274 4.3346
4.275 4.3356
4.276 4.3366
4.277 4.3376
4.278 4.3386
4.279 4.3396
4.28 4.3406
4.281 4.3416
4.282 4.3426
4.283 4.3436
4.284 4.3446
4.285 4.3456
4.286 4.3466
4.287 4.3476
4.288 4.3486
4.289 4.3496
4.29 4.3506
4.291 4.3516
4.292 4.3526
4.293 4.3536
4.294 4.3546
4.295 4.3556
4.296 4.3566
4.297 4.3576
4.298 4.3586
4.299 4.3596
4.3 4.3606
4.301 4.3616
4.302 4.3626
4.303 4.3636
4.304 4.3646
4.305 4.3656
4.306 4.3666
4.307 4.3676
4.308 4.36861
4.309 4.36961
4.31 4.37061
4.311 4.37161
4.312 4.37261
4.313 4.37361
4.314 4.37461
4.315 4.37561
4.316 4.37661
4.317 4.37761
4.318 4.37861
4.319 4.37961
4.32 4.38061
4.321 4.38161
4.322 4.38261
4.323 4.38361
4.324 4.38461
4.325 4.38561
4.326 4.38661
4.327 4.38761
4.328 4.38861
4.329 4.38961
4.33 4.39061
4.331 4.39161
4.332 4.39261
4.333 4.39361
4.334 4.39461
4.335 4.39561
4.336 4.39661
4.337 4.39761
4.338 4.39861
4.339 4.39961
4.34 4.40061
4.341 4.40161
4.342 4.40261
4.343 4.40361
4.344 4.40461
4.345 4.40561
4.346 4.40661
4.347 4.40761
4.348 4.40861
4.349 4.40961
4.35 4.41061
4.351 4.41161
4.352 4.41261
4.353 4.41361
4.354 4.41461
4.355 4.41561
4.356 4.41661
4.357 4.41761
4.358 4.41861
4.359 4.41961
4.36 4.42061
4.361 4.42161
4.362 4.42261
4.363 4.42361
4.364 4.42461
4.365 4.42561
4.366 4.42661
4.367 4.42761
4.368 4.42861
4.369 4.42961
4.37 4.43061
4.371 4.43161
4.372 4.43261
4.373 4.43361
4.374 4.43461
4.375 4.43561
4.376 4.43661
4.377 4.43761
4.378 4.43861
4.379 4.43961
4.38 4.44061
4.381 4.44161
4.382 4.44261
4.383 4.44361
4.384 4.44461
4.385 4.44561
4.386 4.44661
4.387 4.44761
4.388 4.44861
4.389 4.44961
4.39 4.45061
4.391 4.45161
4.392 4.45261
4.393 4.45361
4.394 4.45461
4.395 4.45561
4.396 4.45661
4.397 4.45761
4.398 4.45861
4.399 4.45961
4.4 4.46061
4.401 4.46161
4.402 4.46261
4.403 4.46361
4.404 4.46461
4.405 4.46561
4.406 4.46661
4.407 4.46761
4.408 4.46861
4.409 4.46961
4.41 4.47061
4.411 4.47161
4.412 4.47261
4.413 4.47361
4.414 4.47461
4.415 4.47561
4.416 4.47661
4.417 4.47761
4.418 4.47861
4.419 4.47961
4.42 4.48061
4.421 4.48161
4.422 4.48261
4.423 4.48361
4.424 4.48461
4.425 4.48561
4.426 4.48661
4.427 4.48761
4.428 4.48861
4.429 4.48961
4.43 4.49061
4.431 4.49161
4.432 4.49261
4.433 4.49361
4.434 4.49461
4.435 4.49561
4.436 4.49661
4.437 4.49761
4.438 4.49861
4.439 4.49961
4.44 4.50061
4.441 4.50161
4.442 4.50261
4.443 4.50361
4.444 4.50461
4.445 4.50561
4.446 4.50661
4.447 4.50761
4.448 4.50861
4.449 4.50961
4.45 4.51061
4.451 4.51161
4.452 4.51261
4.453 4.5136
4.454 4.5146
4.455 4.5156
4.456 4.5166
4.457 4.5176
4.458 4.5186
4.459 4.5196
4.46 4.5206
4.461 4.5216
4.462 4.5226
4.463 4.5236
4.464 4.5246
4.465 4.5256
4.466 4.5266
4.467 4.5276
4.468 4.5286
4.469 4.5296
4.47 4.5306
4.471 4.5316
4.472 4.5326
4.473 4.5336
4.474 4.5346
4.475 4.5356
4.476 4.5366
4.477 4.5376
4.478 4.5386
4.479 4.5396
4.48 4.5406
4.481 4.5416
4.482 4.5426
4.483 4.5436
4.484 4.5446
4.485 4.5456
4.486 4.5466
4.487 4.5476
4.488 4.5486
4.489 4.5496
4.49 4.5506
4.491 4.5516
4.492 4.5526
4.493 4.5536
4.494 4.5546
4.495 4.5556
4.496 4.5566
4.497 4.5576
4.498 4.5586
4.499 4.5596
4.5 4.5606
4.501 4.5616
4.502 4.5626
4.503 4.5636
4.504 4.5646
4.505 4.5656
4.506 4.5666
4.507 4.5676
4.508 4.5686
4.509 4.5696
4.51 4.5706
4.511 4.5716
4.512 4.5726
4.513 4.5736
4.514 4.5746
4.515 4.5756
4.516 4.5766
4.517 4.5776
4.518 4.5786
4.519 4.5796
4.52 4.5806
4.521 4.5816
4.522 4.58259
4.523 4.58359
4.524 4.58459
4.525 4.58559
4.526 4.58659
4.527 4.58759
4.528 4.58859
4.529 4.58959
4.53 4.59059
4.531 4.59159
4.532 4.59259
4.533 4.59359
4.534 4.59459
4.535 4.59559
4.536 4.59659
4.537 4.59759
4.538 4.59859
4.539 4.59959
4.54 4.60059
4.541 4.60159
4.542 4.60259
4.543 4.60359
4.544 4.60459
4.545 4.60559
4.546 4.60659
4.547 4.60759
4.548 4.60859
4.549 4.60959
4.55 4.61059
4.551 4.61159
4.552 4.61259
4.553 4.61359
4.554 4.61459
4.555 4.61559
4.556 4.61659
4.557 4.61759
4.558 4.61859
4.559 4.61959
4.56 4.62059
4.561 4.62159
4.562 4.62259
4.563 4.62359
4.564 4.62459
4.565 4.62559
4.566 4.62658
4.567 4.62758
4.568 4.62858
4.569 4.62958
4.57 4.63058
4.571 4.63158
4.572 4.63258
4.573 4.63358
4.574 4.63458
4.575 4.63558
4.576 4.63658
4.577 4.63758
4.578 4.63858
4.579 4.63958
4.58 4.64058
4.581 4.64158
4.582 4.64258
4.583 4.64358
4.584 4.64458
4.585 4.64558
4.586 4.64658
4.587 4.64758
4.588 4.64858
4.589 4.64958
4.59 4.65058
4.591 4.65158
4.592 4.65258
4.593 4.65358
4.594 4.65458
4.595 4.65558
4.596 4.65658
4.597 4.65758
4.598 4.65858
4.599 4.65958
4.6 4.66058
4.601 4.66157
4.602 4.66257
4.603 4.66357
4.604 4.66457
4.605 4.66557
4.606 4.66657
4.607 4.66757
4.608 4.66857
4.609 4.66957
4.61 4.67057
4.611 4.67157
4.612 4.67257
4.613 4.67357
4.614 4.67457
4.615 4.67557
4.616 4.67657
4.617 4.67757
4.618 4.67857
4.619 4.67957
4.62 4.68057
4.621 4.68157
4.622 4.68257
4.623 4.68357
4.624 4.68457
4.625 4.68557
4.626 4.68657
4.627 4.68757
4.628 4.68857
4.629 4.68957
4.63 4.69057
4.631 4.69156
4.632 4.69256
4.633 4.69356
4.634 4.69456
4.635 4.69556
4.636 4.69656
4.637 4.69756
4.638 4.69856
4.639 4.69956
4.64 4.70056
4.641 4.70156
4.642 4.70256
4.643 4.70356
4.644 4.70456
4.645 4.70556
4.646 4.70656
4.647 4.70756
4.648 4.70856
4.649 4.70956
4.65 4.71056
4.651 4.71156
4.652 4.71256
4.653 4.71356
4.654 4.71456
4.655 4.71556
4.656 4.71656
4.657 4.71755
4.658 4.71855
4.659 4.71955
4.66 4.72055
4.661 4.72155
4.662 4.72255
4.663 4.72355
4.664 4.72455
4.665 4.72555
4.666 4.72655
4.667 4.72755
4.668 4.72855
4.669 4.72955
4.67 4.73055
4.671 4.73155
4.672 4.73255
4.673 4.73355
4.674 4.73455
4.675 4.73555
4.676 4.73655
4.677 4.73755
4.678 4.73855
4.679 4.73955
4.68 4.74055
4.681 4.74154
4.682 4.74254
4.683 4.74354
4.684 4.74454
4.685 4.74554
4.686 4.74654
4.687 4.74754
4.688 4.74854
4.689 4.74954
4.69 4.75054
4.691 4.75154
4.692 4.75254
4.693 4.75354
4.694 4.75454
4.695 4.75554
4.696 4.75654
4.697 4.75754
4.698 4.75854
4.699 4.75954
4.7 4.76054
4.701 4.76154
4.702 4.76254
4.703 4.76353
4.704 4.76453
4.705 4.76553
4.706 4.76653
4.707 4.76753
4.708 4.76853
4.709 4.76953
4.71 4.77053
4.711 4.77153
4.712 4.77253
4.713 4.77353
4.714 4.77453
4.715 4.77553
4.716 4.77653
4.717 4.77753
4.718 4.77853
4.719 4.77953
4.72 4.78053
4.721 4.78153
4.722 4.78253
4.723 4.78353
4.724 4.78452
4.725 4.78552
4.726 4.78652
4.727 4.78752
4.728 4.78852
4.729 4.78952
4.73 4.79052
4.731 4.79152
4.732 4.79252
4.733 4.79352
4.734 4.79452
4.735 4.79552
4.736 4.79652
4.737 4.79752
4.738 4.79852
4.739 4.79952
4.74 4.80052
4.741 4.80152
4.742 4.80252
4.743 4.80351
4.744 4.80451
4.745 4.80551
4.746 4.80651
4.747 4.80751
4.748 4.80851
4.749 4.80951
4.75 4.81051
4.751 4.81151
4.752 4.81251
4.753 4.81351
4.754 4.81451
4.755 4.81551
4.756 4.81651
4.757 4.81751
4.758 4.81851
4.759 4.81951
4.76 4.82051
4.761 4.8215
4.762 4.8225
4.763 4.8235
4.764 4.8245
4.765 4.8255
4.766 4.8265
4.767 4.8275
4.768 4.8285
4.769 4.8295
4.77 4.8305
4.771 4.8315
4.772 4.8325
4.773 4.8335
4.774 4.8345
4.775 4.8355
4.776 4.8365
4.777 4.8375
4.778 4.83849
4.779 4.83949
4.78 4.84049
4.781 4.84149
4.782 4.84249
4.783 4.84349
4.784 4.84449
4.785 4.84549
4.786 4.84649
4.787 4.84749
4.788 4.84849
4.789 4.84949
4.79 4.85049
4.791 4.85149
4.792 4.85249
4.793 4.85349
4.794 4.85449
4.795 4.85548
4.796 4.85648
4.797 4.85748
4.798 4.85848
4.799 4.85948
4.8 4.86048
4.801 4.86148
4.802 4.86248
4.803 4.86348
4.804 4.86448
4.805 4.86548
4.806 4.86648
4.807 4.86748
4.808 4.86848
4.809 4.86948
4.81 4.87047
4.811 4.87147
4.812 4.87247
4.813 4.87347
4.814 4.87447
4.815 4.87547
4.816 4.87647
4.817 4.87747
4.818 4.87847
4.819 4.87947
4.82 4.88047
4.821 4.88147
4.822 4.88247
4.823 4.88347
4.824 4.88447
4.825 4.88546
4.826 4.88646
4.827 4.88746
4.828 4.88846
4.829 4.88946
4.83 4.89046
4.831 4.89146
4.832 4.89246
4.833 4.89346
4.834 4.89446
4.835 4.89546
4.836 4.89646
4.837 4.89746
4.838 4.89846
4.839 4.89946
4.84 4.90045
4.841 4.90145
4.842 4.90245
4.843 4.90345
4.844 4.90445
4.845 4.90545
4.846 4.90645
4.847 4.90745
4.848 4.90845
4.849 4.90945
4.85 4.91045
4.851 4.91145
4.852 4.91245
4.853 4.91345
4.854 4.91444
4.855 4.91544
4.856 4.91644
4.857 4.91744
4.858 4.91844
4.859 4.91944
4.86 4.92044
4.861 4.92144
4.862 4.92244
4.863 4.92344
4.864 4.92444
4.865 4.92544
4.866 4.92644
4.867 4.92743
4.868 4.92843
4.869 4.92943
4.87 4.93043
4.871 4.93143
4.872 4.93243
4.873 4.93343
4.874 4.93443
4.875 4.93543
4.876 4.93643
4.877 4.93743
4.878 4.93843
4.879 4.93943
4.88 4.94042
4.881 4.94142
4.882 4.94242
4.883 4.94342
4.884 4.94442
4.885 4.94542
4.886 4.94642
4.887 4.94742
4.888 4.94842
4.889 4.94942
4.89 4.95042
4.891 4.95142
4.892 4.95242
4.893 4.95341
4.894 4.95441
4.895 4.95541
4.896 4.95641
4.897 4.95741
4.898 4.95841
4.899 4.95941
4.9 4.96041
4.901 4.96141
4.902 4.96241
4.903 4.96341
4.904 4.96441
4.905 4.96541
4.906 4.9664
4.907 4.9674
4.908 4.9684
4.909 4.9694
4.91 4.9704
4.911 4.9714
4.912 4.9724
4.913 4.9734
4.914 4.9744
4.915 4.9754
4.916 4.9764
4.917 4.9774
4.918 4.97839
4.919 4.97939
4.92 4.98039
4.921 4.98139
4.922 4.98239
4.923 4.98339
4.924 4.98439
4.925 4.98539
4.926 4.98639
4.927 4.98739
4.928 4.98839
4.929 4.98938
4.93 4.99038
4.931 4.99138
4.932 4.99238
4.933 4.99338
4.934 4.99438
4.935 4.99538
4.936 4.99638
4.937 4.99738
4.938 4.99838
4.939 4.99938
4.94 5.00038
4.941 5.00137
4.942 5.00237
4.943 5.00337
4.944 5.00437
4.945 5.00537
4.946 5.00637
4.947 5.00737
4.948 5.00837
4.949 5.00937
4.95 5.01037
4.951 5.01137
4.952 5.01236
4.953 5.01336
4.954 5.01436
4.955 5.01536
4.956 5.01636
4.957 5.01736
4.958 5.01836
4.959 5.01936
4.96 5.02036
4.961 5.02136
4.962 5.02236
4.963 5.02335
4.964 5.02435
4.965 5.02535
4.966 5.02635
4.967 5.02735
4.968 5.02835
4.969 5.02935
4.97 5.03035
4.971 5.03135
4.972 5.03235
4.973 5.03335
4.974 5.03434
4.975 5.03534
4.976 5.03634
4.977 5.03734
4.978 5.03834
4.979 5.03934
4.98 5.04034
4.981 5.04134
4.982 5.04234
4.983 5.04334
4.984 5.04433
4.985 5.04533
4.986 5.04633
4.987 5.04733
4.988 5.04833
4.989 5.04933
4.99 5.05033
4.991 5.05133
4.992 5.05233
4.993 5.05333
4.994 5.05432
4.995 5.05532
4.996 5.05632
4.997 5.05732
4.998 5.05832
4.999 5.05932
5 5.06032
5.001 5.06132
5.002 5.06232
5.003 5.06332
5.004 5.06431
5.005 5.06531
5.006 5.06631
5.007 5.06731
5.008 5.06831
5.009 5.06931
5.01 5.07031
5.011 5.07131
5.012 5.07231
5.013 5.07331
5.014 5.0743
5.015 5.0753
5.016 5.0763
5.017 5.0773
5.018 5.0783
5.019 5.0793
5.02 5.0803
5.021 5.0813
5.022 5.0823
5.023 5.0833
5.024 5.08429
5.025 5.08529
5.026 5.08629
5.027 5.08729
5.028 5.08829
5.029 5.08929
5.03 5.09029
5.031 5.09129
5.032 5.09229
5.033 5.09328
5.034 5.09428
5.035 5.09528
5.036 5.09628
5.037 5.09728
5.038 5.09828
5.039 5.09928
5.04 5.10028
5.041 5.10128
5.042 5.10228
5.043 5.10327
5.044 5.10427
5.045 5.10527
5.046 5.10627
5.047 5.10727
5.048 5.10827
5.049 5.10927
5.05 5.11027
5.051 5.11127
5.052 5.11226
5.053 5.11326
5.054 5.11426
5.055 5.11526
5.056 5.11626
5.057 5.11726
5.058 5.11826
5.059 5.11926
5.06 5.12026
5.061 5.12125
5.062 5.12225
5.063 5.12325
5.064 5.12425
5.065 5.12525
5.066 5.12625
5.067 5.12725
5.068 5.12825
5.069 5.12925
5.07 5.13024
5.071 5.13124
5.072 5.13224
5.073 5.13324
5.074 5.13424
5.075 5.13524
5.076 5.13624
5.077 5.13724
5.078 5.13824
5.079 5.13923
5.08 5.14023
5.081 5.14123
5.082 5.14223
5.083 5.14323
5.084 5.14423
5.085 5.14523
5.086 5.14623
5.087 5.14722
5.088 5.14822
5.089 5.14922
5.09 5.15022
5.091 5.15122
5.092 5.15222
5.093 5.15322
5.094 5.15422
5.095 5.15522
5.096 5.15621
5.097 5.15721
5.098 5.15821
5.099 5.15921
5.1 5.16021
5.101 5.16121
5.102 5.16221
5.103 5.16321
5.104 5.1642
5.105 5.1652
5.106 5.1662
5.107 5.1672
5.108 5.1682
5.109 5.1692
5.11 5.1702
5.111 5.1712
5.112 5.17219
5.113 5.17319
5.114 5.17419
5.115 5.17519
5.116 5.17619
5.117 5.17719
5.118 5.17819
5.119 5.17919
5.12 5.18019
5.121 5.18118
5.122 5.18218
5.123 5.18318
5.124 5.18418
5.125 5.18518
5.126 5.18618
5.127 5.18718
5.128 5.18818
5.129 5.18917
5.13 5.19017
5.131 5.19117
5.132 5.19217
5.133 5.19317
5.134 5.19417
5.135 5.19517
5.136 5.19617
5.137 5.19716
5.138 5.19816
5.139 5.19916
5.14 5.20016
5.141 5.20116
5.142 5.20216
5.143 5.20316
5.144 5.20416
5.145 5.20515
5.146 5.20615
5.147 5.20715
5.148 5.20815
5.149 5.20915
5.15 5.21015
5.151 5.21115
5.152 5.21214
5.153 5.21314
5.154 5.21414
5.155 5.21514
5.156 5.21614
5.157 5.21714
5.158 5.21814
5.159 5.21914
5.16 5.22013
5.161 5.22113
5.162 5.22213
5.163 5.22313
5.164 5.22413
5.165 5.22513
5.166 5.22613
5.167 5.22713
5.168 5.22812
5.169 5.22912
5.17 5.23012
5.171 5.23112
5.172 5.23212
5.173 5.23312
5.174 5.23412
5.175 5.23511
5.176 5.23611
5.177 5.23711
5.178 5.23811
5.179 5.23911
5.18 5.24011
5.181 5.24111
5.182 5.2421
5.183 5.2431
5.184 5.2441
5.185 5.2451
5.186 5.2461
5.187 5.2471
5.188 5.2481
5.189 5.2491
5.19 5.25009
5.191 5.25109
5.192 5.25209
5.193 5.25309
5.194 5.25409
5.195 5.25509
5.196 5.25609
5.197 5.25708
5.198 5.25808
5.199 5.25908
5.2 5.26008
5.201 5.26108
5.202 5.26208
5.203 5.26308
5.204 5.26407
5.205 5.26507
5.206 5.26607
5.207 5.26707
5.208 5.26807
5.209 5.26907
5.21 5.27007
5.211 5.27106
5.212 5.27206
5.213 5.27306
5.214 5.27406
5.215 5.27506
5.216 5.27606
5.217 5.27706
5.218 5.27805
5.219 5.27905
5.22 5.28005
5.221 5.28105
5.222 5.28205
5.223 5.28305
5.224 5.28405
5.225 5.28504
5.226 5.28604
5.227 5.28704
5.228 5.28804
5.229 5.28904
5.23 5.29004
5.231 5.29104
5.232 5.29203
5.233 5.29303
5.234 5.29403
5.235 5.29503
5.236 5.29603
5.237 5.29703
5.238 5.29803
5.239 5.29902
5.24 5.30002
5.241 5.30102
5.242 5.30202
5.243 5.30302
5.244 5.30402
5.245 5.30502
5.246 5.30601
5.247 5.30701
5.248 5.30801
5.249 5.30901
5.25 5.31001
5.251 5.31101
5.252 5.312
5.253 5.313
5.254 5.314
5.255 5.315
5.256 5.316
5.257 5.317
5.258 5.318
5.259 5.31899
5.26 5.31999
5.261 5.32099
5.262 5.32199
5.263 5.32299
5.264 5.32399
5.265 5.32498
5.266 5.32598
5.267 5.32698
5.268 5.32798
5.269 5.32898
5.27 5.32998
5.271 5.33098
5.272 5.33197
5.273 5.33297
5.274 5.33397
5.275 5.33497
5.276 5.33597
5.277 5.33697
5.278 5.33796
5.279 5.33896
5.28 5.33996
5.281 5.34096
5.282 5.34196
5.283 5.34296
5.284 5.34396
5.285 5.34495
5.286 5.34595
5.287 5.34695
5.288 5.34795
5.289 5.34895
5.29 5.34995
5.291 5.35094
5.292 5.35194
5.293 5.35294
5.294 5.35394
5.295 5.35494
5.296 5.35594
5.297 5.35693
5.298 5.35793
5.299 5.35893
5.3 5.35993
5.301 5.36093
5.302 5.36193
5.303 5.36292
5.304 5.36392
5.305 5.36492
5.306 5.36592
5.307 5.36692
5.308 5.36792
5.309 5.36892
5.31 5.36991
5.311 5.37091
5.312 5.37191
5.313 5.37291
5.314 5.37391
5.315 5.37491
5.316 5.3759
5.317 5.3769
5.318 5.3779
5.319 5.3789
5.32 5.3799
5.321 5.3809
5.322 5.38189
5.323 5.38289
5.324 5.38389
5.325 5.38489
5.326 5.38589
5.327 5.38689
5.328 5.38788
5.329 5.38888
5.33 5.38988
5.331 5.39088
5.332 5.39188
5.333 5.39288
5.334 5.39387
5.335 5.39487
5.336 5.39587
5.337 5.39687
5.338 5.39787
5.339 5.39887
5.34 5.39986
5.341 5.40086
5.342 5.40186
5.343 5.40286
5.344 5.40386
5.345 5.40485
5.346 5.40585
5.347 5.40685
5.348 5.40785
5.349 5.40885
5.35 5.40985
5.351 5.41084
5.352 5.41184
5.353 5.41284
5.354 5.41384
5.355 5.41484
5.356 5.41584
5.357 5.41683
5.358 5.41783
5.359 5.41883
5.36 5.41983
5.361 5.42083
5.362 5.42183
5.363 5.42282
5.364 5.42382
5.365 5.42482
5.366 5.42582
5.367 5.42682
5.368 5.42782
5.369 5.42881
5.37 5.42981
5.371 5.43081
5.372 5.43181
5.373 5.43281
5.374 5.4338
5.375 5.4348
5.376 5.4358
5.377 5.4368
5.378 5.4378
5.379 5.4388
5.38 5.43979
5.381 5.44079
5.382 5.44179
5.383 5.44279
5.384 5.44379
5.385 5.44478
5.386 5.44578
5.387 5.44678
5.388 5.44778
5.389 5.44878
5.39 5.44978
5.391 5.45077
5.392 5.45177
5.393 5.45277
5.394 5.45377
5.395 5.45477
5.396 5.45576
5.397 5.45676
5.398 5.45776
5.399 5.45876
5.4 5.45976
5.401 5.46076
5.402 5.46175
5.403 5.46275
5.404 5.46375
5.405 5.46475
5.406 5.46575
5.407 5.46674
5.408 5.46774
5.409 5.46874
5.41 5.46974
5.411 5.47074
5.412 5.47174
5.413 5.47273
5.414 5.47373
5.415 5.47473
5.416 5.47573
5.417 5.47673
5.418 5.47772
5.419 5.47872
5.42 5.47972
5.421 5.48072
5.422 5.48172
5.423 5.48271
5.424 5.48371
5.425 5.48471
5.426 5.48571
5.427 5.48671
5.428 5.48771
5.429 5.4887
5.43 5.4897
5.431 5.4907
5.432 5.4917
5.433 5.4927
5.434 5.49369
5.435 5.49469
5.436 5.49569
5.437 5.49669
5.438 5.49769
5.439 5.49868
5.44 5.49968
5.441 5.50068
5.442 5.50168
5.443 5.50268
5.444 5.50367
5.445 5.50467
5.446 5.50567
5.447 5.50667
5.448 5.50767
5.449 5.50866
5.45 5.50966
5.451 5.51066
5.452 5.51166
5.453 5.51266
5.454 5.51365
5.455 5.51465
5.456 5.51565
5.457 5.51665
5.458 5.51765
5.459 5.51865
5.46 5.51964
5.461 5.52064
5.462 5.52164
5.463 5.52264
5.464 5.52364
5.465 5.52463
5.466 5.52563
5.467 5.52663
5.468 5.52763
5.469 5.52863
5.47 5.52962
5.471 5.53062
5.472 5.53162
5.473 5.53262
5.474 5.53362
5.475 5.53461
5.476 5.53561
5.477 5.53661
5.478 5.53761
5.479 5.53861
5.48 5.5396
5.481 5.5406
5.482 5.5416
5.483 5.5426
5.484 5.5436
5.485 5.54459
5.486 5.54559
5.487 5.54659
5.488 5.54759
5.489 5.54858
5.49 5.54958
5.491 5.55058
5.492 5.55158
5.493 5.55258
5.494 5.55357
5.495 5.55457
5.496 5.55557
5.497 5.55657
5.498 5.55757
5.499 5.55856
5.5 5.55956
5.501 5.56056
5.502 5.56156
5.503 5.56256
5.504 5.56355
5.505 5.56455
5.506 5.56555
5.507 5.56655
5.508 5.56755
5.509 5.56854
5.51 5.56954
5.511 5.57054
5.512 5.57154
5.513 5.57254
5.514 5.57353
5.515 5.57453
5.516 5.57553
5.517 5.57653
5.518 5.57752
5.519 5.57852
5.52 5.57952
5.521 5.58052
5.522 5.58152
5.523 5.58251
5.524 5.58351
5.525 5.58451
5.526 5.58551
5.527 5.58651
5.528 5.5875
5.529 5.5885
5.53 5.5895
5.531 5.5905
5.532 5.59149
5.533 5.59249
5.534 5.59349
5.535 5.59449
5.536 5.59549
5.537 5.59648
5.538 5.59748
5.539 5.59848
5.54 5.59948
5.541 5.60048
5.542 5.60147
5.543 5.60247
5.544 5.60347
5.545 5.60447
5.546 5.60546
5.547 5.60646
5.548 5.60746
5.549 5.60846
5.55 5.60946
5.551 5.61045
5.552 5.61145
5.553 5.61245
5.554 5.61345
5.555 5.61444
5.556 5.61544
5.557 5.61644
5.558 5.61744
5.559 5.61844
5.56 5.61943
5.561 5.62043
5.562 5.62143
5.563 5.62243
5.564 5.62342
5.565 5.62442
5.566 5.62542
5.567 5.62642
5.568 5.62742
5.569 5.62841
5.57 5.62941
5.571 5.63041
5.572 5.63141
5.573 5.6324
5.574 5.6334
5.575 5.6344
5.576 5.6354
5.577 5.6364
5.578 5.63739
5.579 5.63839
5.58 5.63939
5.581 5.64039
5.582 5.64138
5.583 5.64238
5.584 5.64338
5.585 5.64438
5.586 5.64538
5.587 5.64637
5.588 5.64737
5.589 5.64837
5.59 5.64937
5.591 5.65036
5.592 5.65136
5.593 5.65236
5.594 5.65336
5.595 5.65435
5.596 5.65535
5.597 5.65635
5.598 5.65735
5.599 5.65835
5.6 5.65934
5.601 5.66034
5.602 5.66134
5.603 5.66234
5.604 5.66333
5.605 5.66433
5.606 5.66533
5.607 5.66633
5.608 5.66732
5.609 5.66832
5.61 5.66932
5.611 5.67032
5.612 5.67132
5.613 5.67231
5.614 5.67331
5.615 5.67431
5.616 5.67531
5.617 5.6763
5.618 5.6773
5.619 5.6783
5.62 5.6793
5.621 5.68029
5.622 5.68129
5.623 5.68229
5.624 5.68329
5.625 5.68428
5.626 5.68528
5.627 5.68628
5.628 5.68728
5.629 5.68828
5.63 5.68927
5.631 5.69027
5.632 5.69127
5.633 5.69227
5.634 5.69326
5.635 5.69426
5.636 5.69526
5.637 5.69626
5.638 5.69725
5.639 5.69825
5.64 5.69925
5.641 5.70025
5.642 5.70124
5.643 5.70224
5.644 5.70324
5.645 5.70424
5.646 5.70523
5.647 5.70623
5.648 5.70723
5.649 5.70823
5.65 5.70922
5.651 5.71022
5.652 5.71122
5.653 5.71222
5.654 5.71321
5.655 5.71421
5.656 5.71521
5.657 5.71621
5.658 5.7172
5.659 5.7182
5.66 5.7192
5.661 5.7202
5.662 5.7212
5.663 5.72219
5.664 5.72319
5.665 5.72419
5.666 5.72519
5.667 5.72618
5.668 5.72718
5.669 5.72818
5.67 5.72918
5.671 5.73017
5.672 5.73117
5.673 5.73217
5.674 5.73317
5.675 5.73416
5.676 5.73516
5.677 5.73616
5.678 5.73716
5.679 5.73815
5.68 5.73915
5.681 5.74015
5.682 5.74115
5.683 5.74214
5.684 5.74314
5.685 5.74414
5.686 5.74514
5.687 5.74613
5.688 5.74713
5.689 5.74813
5.69 5.74912
5.691 5.75012
5.692 5.75112
5.693 5.75212
5.694 5.75311
5.695 5.75411
5.696 5.75511
5.697 5.75611
5.698 5.7571
5.699 5.7581
5.7 5.7591
5.701 5.7601
5.702 5.76109
5.703 5.76209
5.704 5.76309
5.705 5.76409
5.706 5.76508
5.707 5.76608
5.708 5.76708
5.709 5.76808
5.71 5.76907
5.711 5.77007
5.712 5.77107
5.713 5.77207
5.714 5.77306
5.715 5.77406
5.716 5.77506
5.717 5.77606
5.718 5.77705
5.719 5.77805
5.72 5.77905
5.721 5.78004
5.722 5.78104
5.723 5.78204
5.724 5.78304
5.725 5.78403
5.726 5.78503
5.727 5.78603
5.728 5.78703
5.729 5.78802
5.73 5.78902
5.731 5.79002
5.732 5.79102
5.733 5.79201
5.734 5.79301
5.735 5.79401
5.736 5.79501
5.737 5.796
5.738 5.797
5.739 5.798
5.74 5.79899
5.741 5.79999
5.742 5.80099
5.743 5.80199
5.744 5.80298
5.745 5.80398
5.746 5.80498
5.747 5.80598
5.748 5.80697
5.749 5.80797
5.75 5.80897
5.751 5.80997
5.752 5.81096
5.753 5.81196
5.754 5.81296
5.755 5.81395
5.756 5.81495
5.757 5.81595
5.758 5.81695
5.759 5.81794
5.76 5.81894
5.761 5.81994
5.762 5.82094
5.763 5.82193
5.764 5.82293
5.765 5.82393
5.766 5.82492
5.767 5.82592
5.768 5.82692
5.769 5.82792
5.77 5.82891
5.771 5.82991
5.772 5.83091
5.773 5.83191
5.774 5.8329
5.775 5.8339
5.776 5.8349
5.777 5.83589
5.778 5.83689
5.779 5.83789
5.78 5.83889
5.781 5.83988
5.782 5.84088
5.783 5.84188
5.784 5.84287
5.785 5.84387
5.786 5.84487
5.787 5.84587
5.788 5.84686
5.789 5.84786
5.79 5.84886
5.791 5.84986
5.792 5.85085
5.793 5.85185
5.794 5.85285
5.795 5.85384
5.796 5.85484
5.797 5.85584
5.798 5.85684
5.799 5.85783
5.8 5.85883
5.801 5.85983
5.802 5.86082
5.803 5.86182
5.804 5.86282
5.805 5.86382
5.806 5.86481
5.807 5.86581
5.808 5.86681
5.809 5.8678
5.81 5.8688
5.811 5.8698
5.812 5.8708
5.813 5.87179
5.814 5.87279
5.815 5.87379
5.816 5.87478
5.817 5.87578
5.818 5.87678
5.819 5.87778
5.82 5.87877
5.821 5.87977
5.822 5.88077
5.823 5.88176
5.824 5.88276
5.825 5.88376
5.826 5.88476
5.827 5.88575
5.828 5.88675
5.829 5.88775
5.83 5.88874
5.831 5.88974
5.832 5.89074
5.833 5.89174
5.834 5.89273
5.835 5.89373
5.836 5.89473
5.837 5.89572
5.838 5.89672
5.839 5.89772
5.84 5.89871
5.841 5.89971
5.842 5.90071
5.843 5.90171
5.844 5.9027
5.845 5.9037
5.846 5.9047
5.847 5.90569
5.848 5.90669
5.849 5.90769
5.85 5.90869
5.851 5.90968
5.852 5.91068
5.853 5.91168
5.854 5.91267
5.855 5.91367
5.856 5.91467
5.857 5.91566
5.858 5.91666
5.859 5.91766
5.86 5.91866
5.861 5.91965
5.862 5.92065
5.863 5.92165
5.864 5.92264
5.865 5.92364
5.866 5.92464
5.867 5.92563
5.868 5.92663
5.869 5.92763
5.87 5.92863
5.871 5.92962
5.872 5.93062
5.873 5.93162
5.874 5.93261
5.875 5.93361
5.876 5.93461
5.877 5.9356
5.878 5.9366
5.879 5.9376
5.88 5.93859
5.881 5.93959
5.882 5.94059
5.883 5.94159
5.884 5.94258
5.885 5.94358
5.886 5.94458
5.887 5.94557
5.888 5.94657
5.889 5.94757
5.89 5.94856
5.891 5.94956
5.892 5.95056
5.893 5.95156
5.894 5.95255
5.895 5.95355
5.896 5.95455
5.897 5.95554
5.898 5.95654
5.899 5.95754
5.9 5.95853
5.901 5.95953
5.902 5.96053
5.903 5.96152
5.904 5.96252
5.905 5.96352
5.906 5.96451
5.907 5.96551
5.908 5.96651
5.909 5.96751
5.91 5.9685
5.911 5.9695
5.912 5.9705
5.913 5.97149
5.914 5.97249
5.915 5.97349
5.916 5.97448
5.917 5.97548
5.918 5.97648
5.919 5.97747
5.92 5.97847
5.921 5.97947
5.922 5.98046
5.923 5.98146
5.924 5.98246
5.925 5.98346
5.926 5.98445
5.927 5.98545
5.928 5.98645
5.929 5.98744
5.93 5.98844
5.931 5.98944
5.932 5.99043
5.933 5.99143
5.934 5.99243
5.935 5.99342
5.936 5.99442
5.937 5.99542
5.938 5.99641
5.939 5.99741
5.94 5.99841
5.941 5.9994
5.942 6.0004
5.943 6.0014
5.944 6.00239
5.945 6.00339
5.946 6.00439
5.947 6.00538
5.948 6.00638
5.949 6.00738
5.95 6.00838
5.951 6.00937
5.952 6.01037
5.953 6.01137
5.954 6.01236
5.955 6.01336
5.956 6.01436
5.957 6.01535
5.958 6.01635
5.959 6.01735
5.96 6.01834
5.961 6.01934
5.962 6.02034
5.963 6.02133
5.964 6.02233
5.965 6.02333
5.966 6.02432
5.967 6.02532
5.968 6.02632
5.969 6.02731
5.97 6.02831
5.971 6.02931
5.972 6.0303
5.973 6.0313
5.974 6.0323
5.975 6.03329
5.976 6.03429
5.977 6.03529
5.978 6.03628
5.979 6.03728
5.98 6.03828
5.981 6.03927
5.982 6.04027
5.983 6.04127
5.984 6.04226
5.985 6.04326
5.986 6.04426
5.987 6.04525
5.988 6.04625
5.989 6.04725
5.99 6.04824
5.991 6.04924
5.992 6.05024
5.993 6.05123
5.994 6.05223
5.995 6.05323
5.996 6.05422
5.997 6.05522
5.998 6.05622
5.999 6.05721
6 6.05821
6.001 6.05921
6.002 6.0602
6.003 6.0612
6.004 6.0622
6.005 6.06319
6.006 6.06419
6.007 6.06519
6.008 6.06618
6.009 6.06718
6.01 6.06818
6.011 6.06917
6.012 6.07017
6.013 6.07117
6.014 6.07216
6.015 6.07316
6.016 6.07416
6.017 6.07515
6.018 6.07615
6.019 6.07714
6.02 6.07814
6.021 6.07914
6.022 6.08013
6.023 6.08113
6.024 6.08213
6.025 6.08312
6.026 6.08412
6.027 6.08512
6.028 6.08611
6.029 6.08711
6.03 6.08811
6.031 6.0891
6.032 6.0901
6.033 6.0911
6.034 6.09209
6.035 6.09309
6.036 6.09409
6.037 6.09508
6.038 6.09608
6.039 6.09708
6.04 6.09807
6.041 6.09907
6.042 6.10006
6.043 6.10106
6.044 6.10206
6.045 6.10305
6.046 6.10405
6.047 6.10505
6.048 6.10604
6.049 6.10704
6.05 6.10804
6.051 6.10903
6.052 6.11003
6.053 6.11103
6.054 6.11202
6.055 6.11302
6.056 6.11402
6.057 6.11501
6.058 6.11601
6.059 6.117
6.06 6.118
6.061 6.119
6.062 6.11999
6.063 6.12099
6.064 6.12199
6.065 6.12298
6.066 6.12398
6.067 6.12498
6.068 6.12597
6.069 6.12697
6.07 6.12797
6.071 6.12896
6.072 6.12996
6.073 6.13095
6.074 6.13195
6.075 6.13295
6.076 6.13394
6.077 6.13494
6.078 6.13594
6.079 6.13693
6.08 6.13793
6.081 6.13893
6.082 6.13992
6.083 6.14092
6.084 6.14192
6.085 6.14291
6.086 6.14391
6.087 6.1449
6.088 6.1459
6.089 6.1469
6.09 6.14789
6.091 6.14889
6.092 6.14989
6.093 6.15088
6.094 6.15188
6.095 6.15288
6.096 6.15387
6.097 6.15487
6.098 6.15586
6.099 6.15686
6.1 6.15786
6.101 6.15885
6.102 6.15985
6.103 6.16085
6.104 6.16184
6.105 6.16284
6.106 6.16383
6.107 6.16483
6.108 6.16583
6.109 6.16682
6.11 6.16782
6.111 6.16882
6.112 6.16981
6.113 6.17081
6.114 6.17181
6.115 6.1728
6.116 6.1738
6.117 6.17479
6.118 6.17579
6.119 6.17679
6.12 6.17778
6.121 6.17878
6.122 6.17978
6.123 6.18077
6.124 6.18177
6.125 6.18276
6.126 6.18376
6.127 6.18476
6.128 6.18575
6.129 6.18675
6.13 6.18775
6.131 6.18874
6.132 6.18974
6.133 6.19073
6.134 6.19173
6.135 6.19273
6.136 6.19372
6.137 6.19472
6.138 6.19572
6.139 6.19671
6.14 6.19771
6.141 6.1987
6.142 6.1997
6.143 6.2007
6.144 6.20169
6.145 6.20269
6.146 6.20368
6.147 6.20468
6.148 6.20568
6.149 6.20667
6.15 6.20767
6.151 6.20867
6.152 6.20966
6.153 6.21066
6.154 6.21165
6.155 6.21265
6.156 6.21365
6.157 6.21464
6.158 6.21564
6.159 6.21663
6.16 6.21763
6.161 6.21863
6.162 6.21962
6.163 6.22062
6.164 6.22162
6.165 6.22261
6.166 6.22361
6.167 6.2246
6.168 6.2256
6.169 6.2266
6.17 6.22759
6.171 6.22859
6.172 6.22958
6.173 6.23058
6.174 6.23158
6.175 6.23257
6.176 6.23357
6.177 6.23457
6.178 6.23556
6.179 6.23656
6.18 6.23755
6.181 6.23855
6.182 6.23955
6.183 6.24054
6.184 6.24154
6.185 6.24253
6.186 6.24353
6.187 6.24453
6.188 6.24552
6.189 6.24652
6.19 6.24751
6.191 6.24851
6.192 6.24951
6.193 6.2505
6.194 6.2515
6.195 6.25249
6.196 6.25349
6.197 6.25449
6.198 6.25548
6.199 6.25648
6.2 6.25747
6.201 6.25847
6.202 6.25947
6.203 6.26046
6.204 6.26146
6.205 6.26245
6.206 6.26345
6.207 6.26445
6.208 6.26544
6.209 6.26644
6.21 6.26743
6.211 6.26843
6.212 6.26943
6.213 6.27042
6.214 6.27142
6.215 6.27241
6.216 6.27341
6.217 6.27441
6.218 6.2754
6.219 6.2764
6.22 6.27739
6.221 6.27839
6.222 6.27939
6.223 6.28038
6.224 6.28138
6.225 6.28237
6.226 6.28337
6.227 6.28437
6.228 6.28536
6.229 6.28636
6.23 6.28735
6.231 6.28835
6.232 6.28935
6.233 6.29034
6.234 6.29134
6.235 6.29233
6.236 6.29333
6.237 6.29433
6.238 6.29532
6.239 6.29632
6.24 6.29731
6.241 6.29831
6.242 6.2993
6.243 6.3003
6.244 6.3013
6.245 6.30229
6.246 6.30329
6.247 6.30428
6.248 6.30528
6.249 6.30628
6.25 6.30727
6.251 6.30827
6.252 6.30926
6.253 6.31026
6.254 6.31126
6.255 6.31225
6.256 6.31325
6.257 6.31424
6.258 6.31524
6.259 6.31623
6.26 6.31723
6.261 6.31823
6.262 6.31922
6.263 6.32022
6.264 6.32121
6.265 6.32221
6.266 6.32321
6.267 6.3242
6.268 6.3252
6.269 6.32619
6.27 6.32719
6.271 6.32818
6.272 6.32918
6.273 6.33018
6.274 6.33117
6.275 6.33217
6.276 6.33316
6.277 6.33416
6.278 6.33516
6.279 6.33615
6.28 6.33715
6.281 6.33814
6.282 6.33914
6.283 6.34013
6.284 6.34113
6.285 6.34213
6.286 6.34312
6.287 6.34412
6.288 6.34511
6.289 6.34611
6.29 6.3471
6.291 6.3481
6.292 6.3491
6.293 6.35009
6.294 6.35109
6.295 6.35208
6.296 6.35308
6.297 6.35407
6.298 6.35507
6.299 6.35607
