0 0.126651
0.001 0.127606
0.002 0.128562
0.003 0.129518
0.004 0.130476
0.005 0.131434
0.006 0.132393
0.007 0.133352
0.008 0.134312
0.009 0.135273
0.01 0.136235
0.011 0.137197
0.012 0.13816
0.013 0.139124
0.014 0.140088
0.015 0.141053
0.016 0.142019
0.017 0.142985
0.018 0.143952
0.019 0.144919
0.02 0.145887
0.021 0.146855
0.022 0.147824
0.023 0.148794
0.024 0.149764
0.025 0.150734
0.026 0.151705
0.027 0.152676
0.028 0.153648
0.029 0.154621
0.03 0.155593
0.031 0.156566
0.032 0.15754
0.033 0.158514
0.034 0.159488
0.035 0.160463
0.036 0.161438
0.037 0.162413
0.038 0.163389
0.039 0.164365
0.04 0.165341
0.041 0.166317
0.042 0.167294
0.043 0.168271
0.044 0.169248
0.045 0.170226
0.046 0.171203
0.047 0.172181
0.048 0.173159
0.049 0.174138
0.05 0.175116
0.051 0.176094
0.052 0.177073
0.053 0.178052
0.054 0.179031
0.055 0.18001
0.056 0.180989
0.057 0.181968
0.058 0.182947
0.059 0.183926
0.06 0.184905
0.061 0.185884
0.062 0.186863
0.063 0.187843
0.064 0.188822
0.065 0.189801
0.066 0.19078
0.067 0.191759
0.068 0.192737
0.069 0.193716
0.07 0.194695
0.071 0.195673
0.072 0.196652
0.073 0.19763
0.074 0.198608
0.075 0.199586
0.076 0.200563
0.077 0.201541
0.078 0.202518
0.079 0.203495
0.08 0.204471
0.081 0.205448
0.082 0.206424
0.083 0.2074
0.084 0.208375
0.085 0.209351
0.086 0.210325
0.087 0.2113
0.088 0.212274
0.089 0.213248
0.09 0.214221
0.091 0.215194
0.092 0.216167
0.093 0.217139
0.094 0.218111
0.095 0.219082
0.096 0.220053
0.097 0.221023
0.098 0.221993
0.099 0.222962
0.1 0.223931
0.101 0.2249
0.102 0.225867
0.103 0.226834
0.104 0.227801
0.105 0.228767
0.106 0.229732
0.107 0.230697
0.108 0.231661
0.109 0.232625
0.11 0.233587
0.111 0.23455
0.112 0.235511
0.113 0.236472
0.114 0.237432
0.115 0.238391
0.116 0.23935
0.117 0.240308
0.118 0.241265
0.119 0.242221
0.12 0.243176
0.121 0.244131
0.122 0.245085
0.123 0.246038
0.124 0.24699
0.125 0.247942
0.126 0.248892
0.127 0.249842
0.128 0.25079
0.129 0.251738
0.13 0.252685
0.131 0.253631
0.132 0.254575
0.133 0.255519
0.134 0.256462
0.135 0.257404
0.136 0.258345
0.137 0.259285
0.138 0.260224
0.139 0.261162
0.14 0.262099
0.141 0.263034
0.142 0.263969
0.143 0.264902
0.144 0.265835
0.145 0.266766
0.146 0.267696
0.147 0.268625
0.148 0.269553
0.149 0.270479
0.15 0.271405
0.151 0.272329
0.152 0.273252
0.153 0.274174
0.154 0.275094
0.155 0.276013
0.156 0.276931
0.157 0.277848
0.158 0.278763
0.159 0.279677
0.16 0.28059
0.161 0.281501
0.162 0.282411
0.163 0.283319
0.164 0.284226
0.165 0.285132
0.166 0.286037
0.167 0.286939
0.168 0.287841
0.169 0.288741
0.17 0.289639
0.171 0.290536
0.172 0.291432
0.173 0.292326
0.174 0.293219
0.175 0.29411
0.176 0.294999
0.177 0.295887
0.178 0.296773
0.179 0.297658
0.18 0.298541
0.181 0.299422
0.182 0.300302
0.183 0.30118
0.184 0.302057
0.185 0.302932
0.186 0.303805
0.187 0.304676
0.188 0.305546
0.189 0.306414
0.19 0.30728
0.191 0.308145
0.192 0.309008
0.193 0.309869
0.194 0.310728
0.195 0.311585
0.196 0.312441
0.197 0.313294
0.198 0.314146
0.199 0.314996
