0 -0.00269621
0.001 -0.00176605
0.002 -0.000833997
0.003 9.99488e-05
0.004 0.00103577
0.005 0.00197346
0.006 0.002913
0.007 0.00385439
0.008 0.0047976
0.009 0.00574264
0.01 0.00668948
0.011 0.00763811
0.012 0.00858853
0.013 0.00954071
0.014 0.0104947
0.015 0.0114504
0.016 0.0124078
0.017 0.0133669
0.018 0.0143278
0.019 0.0152904
0.02 0.0162546
0.021 0.0172205
0.022 0.0181881
0.023 0.0191574
0.024 0.0201283
0.025 0.0211008
0.026 0.0220749
0.027 0.0230506
0.028 0.024028
0.029 0.0250069
0.03 0.0259874
0.031 0.0269694
0.032 0.027953
0.033 0.0289381
0.034 0.0299247
0.035 0.0309129
0.036 0.0319025
0.037 0.0328937
0.038 0.0338863
0.039 0.0348803
0.04 0.0358759
0.041 0.0368728
0.042 0.0378712
0.043 0.038871
0.044 0.0398722
0.045 0.0408748
0.046 0.0418788
0.047 0.0428841
0.048 0.0438909
0.049 0.0448989
0.05 0.0459083
0.051 0.046919
0.052 0.047931
0.053 0.0489443
0.054 0.0499589
0.055 0.0509748
0.056 0.0519919
0.057 0.0530103
0.058 0.0540299
0.059 0.0550507
0.06 0.0560728
0.061 0.057096
0.062 0.0581205
0.063 0.0591461
0.064 0.0601729
0.065 0.0612008
0.066 0.0622299
0.067 0.0632601
0.068 0.0642915
0.069 0.0653239
0.07 0.0663575
0.071 0.0673921
0.072 0.0684278
0.073 0.0694645
0.074 0.0705024
0.075 0.0715412
0.076 0.0725811
0.077 0.0736219
0.078 0.0746638
0.079 0.0757067
0.08 0.0767505
0.081 0.0777954
0.082 0.0788411
0.083 0.0798878
0.084 0.0809355
0.085 0.081984
0.086 0.0830335
0.087 0.0840838
0.088 0.0851351
0.089 0.0861872
0.09 0.0872401
0.091 0.088294
0.092 0.0893486
0.093 0.0904041
0.094 0.0914604
0.095 0.0925174
0.096 0.0935753
0.097 0.094634
0.098 0.0956934
0.099 0.0967535
0.1 0.0978144
0.101 0.0988761
0.102 0.0999384
0.103 0.101001
0.104 0.102065
0.105 0.10313
0.106 0.104195
0.107 0.10526
0.108 0.106327
0.109 0.107394
0.11 0.108462
0.111 0.10953
0.112 0.110599
0.113 0.111668
0.114 0.112738
0.115 0.113809
0.116 0.11488
0.117 0.115952
0.118 0.117024
0.119 0.118096
0.12 0.11917
0.121 0.120243
0.122 0.121318
0.123 0.122392
0.124 0.123467
0.125 0.124543
0.126 0.125619
0.127 0.126695
0.128 0.127772
0.129 0.128849
0.13 0.129927
0.131 0.131005
0.132 0.132083
0.133 0.133162
0.134 0.134241
0.135 0.13532
0.136 0.1364
0.137 0.13748
0.138 0.13856
0.139 0.139641
0.14 0.140721
0.141 0.141803
0.142 0.142884
0.143 0.143965
0.144 0.145047
0.145 0.146129
0.146 0.147211
0.147 0.148293
0.148 0.149376
0.149 0.150459
0.15 0.151541
0.151 0.152624
0.152 0.153707
0.153 0.154791
0.154 0.155874
0.155 0.156957
0.156 0.158041
0.157 0.159124
0.158 0.160208
0.159 0.161291
0.16 0.162375
0.161 0.163459
0.162 0.164542
0.163 0.165626
0.164 0.16671
0.165 0.167793
0.166 0.168877
0.167 0.16996
0.168 0.171044
0.169 0.172127
0.17 0.17321
0.171 0.174294
0.172 0.175377
0.173 0.17646
0.174 0.177542
0.175 0.178625
0.176 0.179708
0.177 0.18079
0.178 0.181872
0.179 0.182954
0.18 0.184036
0.181 0.185117
0.182 0.186198
0.183 0.18728
0.184 0.18836
0.185 0.189441
0.186 0.190521
0.187 0.191601
0.188 0.192681
0.189 0.19376
0.19 0.194839
0.191 0.195918
0.192 0.196996
0.193 0.198074
0.194 0.199152
0.195 0.200229
0.196 0.201306
0.197 0.202382
0.198 0.203458
0.199 0.204533
