0	0																									
1	1	4935.2	0.09497	0	322.2	1.5625	0	100	2	999.14	1165.04	-1693.60	3747.54	0	0	0	0	0	0	0	1	0	0.0202	0.000113	0.0000636	0
1	2	4916.0	0.09497	0	319.6	1.5625	0	100	2	744.41	4020.60	-16569.61	36266.95	0	0	0	0	0	0	0	1	0	0.0202	0.000121	0.0000628	0	
1	3	4934.2	0.09497	0	319.8	1.5625	0	100	2	931.13	488.39	3149.07	6500.77	0	0	0	0	0	0	0	1	0	0.0195	0.000111	0.0000574	0
1	4	4964.6	0.09497	0	323.7	1.5625	0	100	2	1069.88	1147.20	2763.28	16047.35	0	0	0	0	0	0	0	1	0	0.0211	0.000143	0.0000599	0
1	5	4915.7	0.09497	0	319.0	1.5625	0	100	2	928.93	1143.08	-595.04	16397.24	0	0	0	0	0	0	0	1	0	0.0204	0.000124	0.0000632	0
1	6	4930.2	0.09497	0	319.5	1.5625	0	100	2	843.26	2683.86	-6888.63	24193.41	0	0	0	0	0	0	0	1	0	0.021	0.0000852	0.0000632	0
1	7	4947.7	0.09497	0	322.7	1.5625	0	100	2	1002.42	1047.93	442.18	10852.41	0	0	0	0	0	0	0	1	0	0.0204	0.000136	0.0000545	0
1	8	4943.2	0.09497	0	322.8	1.5625	0	100	2	980.84	2972.65	-12788.17	42235.60	0	0	0	0	0	0	0	1	0	0.02	0.000117	0.0000636	0
1	9	4945.4	0.09497	0	322.0	1.5625	0	100	2	1206.21	1431.53	886.50	386.89	0	0	0	0	0	0	0	1	0	0.0196	0.000307	0.0000685	0
1	10	4919.9	0.09497	0	319.5	1.5625	0	100	2	1059.54	2679.30	-9042.32	35808.43	0	0	0	0	0	0	0	1	0	0.0192	0.000345	0.0000823	0	
1	11	4884.1	0.09497	0	318.0	1.5625	0	100	2	773.37	3101.61	-14727.37	41553.22	0	0	0	0	0	0	0	1	0	0.0202	0.000148	0.0000638	0
1	12	4905.9	0.09497	0	318.6	1.5625	0	100	2	995.94	2340.86	-8986.21	30902.53	0	0	0	0	0	0	0	1	0	0.02	0.000328	0.0000819	0
1	13	4921.3	0.09497	0	318.8	1.5625	0	100	2	784.03	2927.14	-14718.93	49555.02	0	0	0	0	0	0	0	1	0	0.0204	0.000121	0.0000699	0
1	14	4890.2	0.09497	0	317.2	1.5625	0	100	2	963.37	2599.51	-11517.80	38138.93	0	0	0	0	0	0	0	1	0	0.021	0.000126	0.0000637	0
1	15	4930.3	0.09497	0	319.0	1.5625	0	100	2	972.76	1861.68	-6182.38	24915.74	0	0	0	0	0	0	0	1	0	0.0204	0.000173	0.0000911	0
1	16	4966.3	0.09497	0	322.6	1.5625	0	100	2	1046.98	479.39	1237.85	10449.17	0	0	0	0	0	0	0	1	0	0.0202	0.000123	0.0000634	0
1	17	4928.2	0.09497	0	321.9	1.5625	0	100	2	972.29	1367.84	-5199.67	18047.04	0	0	0	0	0	0	0	1	0	0.02	0.000126	0.0000635	0
1	18	4900.4	0.09497	0	319.4	1.5625	0	100	2	884.77	847.74	-330.10	5222.03	0	0	0	0	0	0	0	1	0	0.02	0.000112	0.000063	0
1	19	4853.4	0.09497	0	317.7	1.5625	0	100	2	1061.84	231.21	4363.58	-5803.55	0	0	0	0	0	0	0	1	0	0.0198	0.000295	0.0000796	0
1	20	4917.2	0.09497	0	319.7	1.5625	0	100	2	959.83	826.46	-129.34	2661.26	0	0	0	0	0	0	0	1	0	0.0195	0.000122	0.0000636	0
1	21	4905.3	0.09497	0	319.6	1.5625	0	100	2	832.39	244.16	1720.87	9528.92	0	0	0	0	0	0	0	1	0	0.0199	0.00011	0.0000625	0
1	22	4912.1	0.09497	0	319.7	1.5625	0	100	2	1110.39	777.22	-239.67	2662.30	0	0	0	0	0	0	0	1	0	0.0198	0.000197	0.0000889	0
1	23	4973.0	0.09497	0	323.5	1.5625	0	100	2	976.76	3036.99	-14259.44	53682.60	0	0	0	0	0	0	0	1	0	0.02	0.000125	0.0000635	0
1	24	4885.8	0.09497	0	319.1	1.5625	0	100	2	775.88	1341.11	-2968.36	13974.30	0	0	0	0	0	0	0	1	0	0.0202	0.000121	0.0000623	0
2	1	5029.9	0.09497	0	327.2	1.5625	0	100	2	1054.25	1212.54	5271.39	-3417.09	0	0	0	0	0	0	0	1	0	0.01764	0.0007515	0.00003109	0
2	2	4955.1	0.09497	0	322.6	1.5625	0	100	2	867.65	2776.99	-11263.24	39041.68	0	0	0	0	0	0	0	1	0	0.01896	0.0007414	0.00001889	0
2	3	4960.5	0.09497	0	322.1	1.5625	0	100	2	1009.46	1359.70	-809.97	14278.98	0	0	0	0	0	0	0	1	0	0.01825	0.0007429	0.00003192	0
2	4	4973.1	0.09497	0	322.9	1.5625	0	100	2	1037.76	-177.07	11086.12	-9578.82	0	0	0	0	0	0	0	1	0	0.01804	0.0007122	0.0000315	0
2	5	5044.7	0.09497	0	326.2	1.5625	0	100	2	979.99	2737.42	-10416.69	34718.53	0	0	0	0	0	0	0	1	0	0.01827	0.0007265	0.000025	0
2	6	4971.9	0.09497	0	321.4	1.5625	0	100	2	1160.09	1438.89	3839.50	15342.41	0	0	0	0	0	0	0	1	0	0.02074	0.0009	0.000032	0
2	7	4959.5	0.09497	0	321.2	1.5625	0	100	2	959.95	3067.56	-14805.09	40763.09	0	0	0	0	0	0	0	1	0	0.01914	0.0007334	0.000034	0
2	8	5059.7	0.09497	0	326.8	1.5625	0	100	2	957.89	3609.76	-17440.84	58615.94	0	0	0	0	0	0	0	1	0	0.0175	0.0007356	0.0000295	0
2	9	4979.7	0.09497	0	324.3	1.5625	0	100	2	943.51	2310.89	-8851.77	34697.79	0	0	0	0	0	0	0	1	0	0.0191	0.000795	0.000032	0
2	10	4962.9	0.09497	0	323.5	1.5625	0	100	2	1081.34	2635.48	-10782.99	35625.11	0	0	0	0	0	0	0	1	0	0.0194	0.000349	0.0000843	0
2	11	4995.7	0.09497	0	325.4	1.5625	0	100	2	928.03	2183.55	-9661.36	34468.45	0	0	0	0	0	0	0	1	0	0.01761	0.00053	0.0000345	0
2	12	4943.8	0.09497	0	322.3	1.5625	0	100	2	812.13	7240.61	-37676.38	89908.03	0	0	0	0	0	0	0	1	0	0.01975	0.0007309	0.0000492	0
2	13	4918.0	0.09497	0	321.2	1.5625	0	100	2	878.33	3106.50	-15807.02	47365.99	0	0	0	0	0	0	0	1	0	0.01859	0.0007059	0.00003	0
2	14	4941.7	0.09497	0	322.0	1.5625	0	100	2	906.13	5270.59	-28034.43	77981.64	0	0	0	0	0	0	0	1	0	0.02063	0.00068	0.000029	0
2	15	4946.1	0.09497	0	322.5	1.5625	0	100	2	1009.85	3706.88	-16861.30	47046.16	0	0	0	0	0	0	0	1	0	0.02012	0.0008335	0.00003529	0
2	16	4932.2	0.09497	0	322.4	1.5625	0	100	2	1170.61	3600.90	-26048.37	78010.75	0	0	0	0	0	0	0	1	0	0.01912	0.000784	0.0000428	0
2	17	4947.0	0.09497	0	322.5	1.5625	0	100	2	1215.78	1308.56	-4645.73	20438.44	0	0	0	0	0	0	0	1	0	0.01895	0.0007241	0.00003051	0
2	18	4961.4	0.09497	0	323.7	1.5625	0	100	2	1133.65	636.30	424.19	-1620.65	0	0	0	0	0	0	0	1	0	0.01786	0.0007145	0.000029	0
2	19	4930.7	0.09497	0	321.1	1.5625	0	100	2	1205.92	-161.48	3820.94	10764.57	0	0	0	0	0	0	0	1	0	0.01803	0.00096	0.000042	0
2	20	4937.0	0.09497	0	321.6	1.5625	0	100	2	1033.00	1809.54	-8606.69	28147.39	0	0	0	0	0	0	0	1	0	0.01832	0.000813	0.0000367	0
2	21	4914.3	0.09497	0	319.9	1.5625	0	100	2	1034.53	2881.33	-19464.12	56460.29	0	0	0	0	0	0	0	1	0	0.01861	0.0008324	0.0000372	0
2	22	5034.1	0.09497	0	327.3	1.5625	0	100	2	987.34	689.95	893.92	17081.53	0	0	0	0	0	0	0	1	0	0.02205	0.00102	0.000032	0
2	23	4946.5	0.09497	0	321.3	1.5625	0	100	2	807.81	2963.52	-14066.41	39019.51	0	0	0	0	0	0	0	1	0	0.0201	0.000464	0.0000131	0
2	24	4947.7	0.09497	0	321.5	1.5625	0	100	2	937.46	1340.28	-1694.70	17185.77	0	0	0	0	0	0	0	1	0	0.0186	0.000793	0.000032	0
3	1	4907.3	0.09497	0	321.0	1.5625	0	100	2	0	1	0	0	0	0	0	0	0	0	0	1	0	1	0	0	0
3	2	5020.4	0.09497	0	327.3	1.5625	0	100	2	0	1	0	0	0	0	0	0	0	0	0	1	0	1	0	0	0
3	3	4939.2	0.09497	0	322.7	1.5625	0	100	2	0	1	0	0	0	0	0	0	0	0	0	1	0	1	0	0	0
3	4	4960.6	0.09497	0	323.6	1.5625	0	100	2	0	1	0	0	0	0	0	0	0	0	0	1	0	1	0	0	0
3	5	4936.5	0.09497	0	322.0	1.5625	0	100	2	0	1	0	0	0	0	0	0	0	0	0	1	0	1	0	0	0
3	6	4877.1	0.09497	0	319.4	1.5625	0	100	2	0	1	0	0	0	0	0	0	0	0	0	1	0	1	0	0	0
3	7	4943.2	0.09497	0	322.7	1.5625	0	100	2	0	1	0	0	0	0	0	0	0	0	0	1	0	1	0	0	0
3	8	5050.3	0.09497	0	329.1	1.5625	0	100	2	0	1	0	0	0	0	0	0	0	0	0	1	0	1	0	0	0
3	9	4900.6	0.09497	0	320.3	1.5625	0	100	2	0	1	0	0	0	0	0	0	0	0	0	1	0	1	0	0	0
3	10	4921.0	0.09497	0	321.5	1.5625	0	100	2	0	1	0	0	0	0	0	0	0	0	0	1	0	1	0	0	0
3	11	4963.7	0.09497	0	323.1	1.5625	0	100	2	0	1	0	0	0	0	0	0	0	0	0	1	0	1	0	0	0
3	12	4927.0	0.09497	0	321.4	1.5625	0	100	2	0	1	0	0	0	0	0	0	0	0	0	1	0	1	0	0	0
3	13	4902.4	0.09497	0	319.1	1.5625	0	100	2	0	1	0	0	0	0	0	0	0	0	0	1	0	1	0	0	0
3	14	4951.6	0.09497	0	321.2	1.5625	0	100	2	0	1	0	0	0	0	0	0	0	0	0	1	0	1	0	0	0
3	15	4963.8	0.09497	0	322.5	1.5625	0	100	2	0	1	0	0	0	0	0	0	0	0	0	1	0	1	0	0	0
3	16	4891.1	0.09497	0	318.7	1.5625	0	100	2	0	1	0	0	0	0	0	0	0	0	0	1	0	1	0	0	0
3	17	4925.1	0.09497	0	316.8	1.5625	0	100	2	0	1	0	0	0	0	0	0	0	0	0	1	0	1	0	0	0
3	18	5026.1	0.09497	0	323.2	1.5625	0	100	2	0	1	0	0	0	0	0	0	0	0	0	1	0	1	0	0	0
3	19	4987.4	0.09497	0	320.3	1.5625	0	100	2	0	1	0	0	0	0	0	0	0	0	0	1	0	1	0	0	0
3	20	4937.3	0.09497	0	317.7	1.5625	0	100	2	0	1	0	0	0	0	0	0	0	0	0	1	0	1	0	0	0
3	21	4932.4	0.09497	0	316.6	1.5625	0	100	2	0	1	0	0	0	0	0	0	0	0	0	1	0	1	0	0	0
3	22	4956.7	0.09497	0	318.4	1.5625	0	100	2	0	1	0	0	0	0	0	0	0	0	0	1	0	1	0	0	0
3	23	5029.7	0.09497	0	322.6	1.5625	0	100	2	0	1	0	0	0	0	0	0	0	0	0	1	0	1	0	0	0
3	24	4925.2	0.09497	0	317.2	1.5625	0	100	2	0	1	0	0	0	0	0	0	0	0	0	1	0	1	0	0	0
4	1	0	0.09497	0	0	1.5625	0	100	2	0	1	0	0	0	0	0	0	0	0	0	1	0	1	0	0	0
4	2	0	0.09497	0	0	1.5625	0	100	2	0	1	0	0	0	0	0	0	0	0	0	1	0	1	0	0	0
4	3	0	0.09497	0	0	1.5625	0	100	2	0	1	0	0	0	0	0	0	0	0	0	1	0	1	0	0	0
4	4	0	0.09497	0	0	1.5625	0	100	2	0	1	0	0	0	0	0	0	0	0	0	1	0	1	0	0	0
4	5	0	0.09497	0	0	1.5625	0	100	2	0	1	0	0	0	0	0	0	0	0	0	1	0	1	0	0	0
4	6	0	0.09497	0	0	1.5625	0	100	2	0	1	0	0	0	0	0	0	0	0	0	1	0	1	0	0	0
4	7	0	0.09497	0	0	1.5625	0	100	2	0	1	0	0	0	0	0	0	0	0	0	1	0	1	0	0	0
4	8	0	0.09497	0	0	1.5625	0	100	2	0	1	0	0	0	0	0	0	0	0	0	1	0	1	0	0	0
4	9	0	0.09497	0	0	1.5625	0	100	2	0	1	0	0	0	0	0	0	0	0	0	1	0	1	0	0	0
4	10	0	0.09497	0	0	1.5625	0	100	2	0	1	0	0	0	0	0	0	0	0	0	1	0	1	0	0	0
4	11	0	0.09497	0	0	1.5625	0	100	2	0	1	0	0	0	0	0	0	0	0	0	1	0	1	0	0	0
4	12	0	0.09497	0	0	1.5625	0	100	2	0	1	0	0	0	0	0	0	0	0	0	1	0	1	0	0	0
4	13	0	0.09497	0	0	1.5625	0	100	2	0	1	0	0	0	0	0	0	0	0	0	1	0	1	0	0	0
4	14	0	0.09497	0	0	1.5625	0	100	2	0	1	0	0	0	0	0	0	0	0	0	1	0	1	0	0	0
4	15	0	0.09497	0	0	1.5625	0	100	2	0	1	0	0	0	0	0	0	0	0	0	1	0	1	0	0	0
4	16	0	0.09497	0	0	1.5625	0	100	2	0	1	0	0	0	0	0	0	0	0	0	1	0	1	0	0	0
4	17	0	0.09497	0	0	1.5625	0	100	2	0	1	0	0	0	0	0	0	0	0	0	1	0	1	0	0	0
4	18	0	0.09497	0	0	1.5625	0	100	2	0	1	0	0	0	0	0	0	0	0	0	1	0	1	0	0	0
4	19	0	0.09497	0	0	1.5625	0	100	2	0	1	0	0	0	0	0	0	0	0	0	1	0	1	0	0	0
4	20	0	0.09497	0	0	1.5625	0	100	2	0	1	0	0	0	0	0	0	0	0	0	1	0	1	0	0	0
4	21	0	0.09497	0	0	1.5625	0	100	2	0	1	0	0	0	0	0	0	0	0	0	1	0	1	0	0	0
4	22	0	0.09497	0	0	1.5625	0	100	2	0	1	0	0	0	0	0	0	0	0	0	1	0	1	0	0	0
4	23	0	0.09497	0	0	1.5625	0	100	2	0	1	0	0	0	0	0	0	0	0	0	1	0	1	0	0	0
4	24	0	0.09497	0	0	1.5625	0	100	2	0	1	0	0	0	0	0	0	0	0	0	1	0	1	0	0	0
5	1	0	0.09497	0	0	1.5625	0	100	2	0	1	0	0	0	0	0	0	0	0	0	1	0	1	0	0	0
5	2	0	0.09497	0	0	1.5625	0	100	2	0	1	0	0	0	0	0	0	0	0	0	1	0	1	0	0	0
5	3	0	0.09497	0	0	1.5625	0	100	2	0	1	0	0	0	0	0	0	0	0	0	1	0	1	0	0	0
5	4	0	0.09497	0	0	1.5625	0	100	2	0	1	0	0	0	0	0	0	0	0	0	1	0	1	0	0	0
5	5	0	0.09497	0	0	1.5625	0	100	2	0	1	0	0	0	0	0	0	0	0	0	1	0	1	0	0	0
5	6	0	0.09497	0	0	1.5625	0	100	2	0	1	0	0	0	0	0	0	0	0	0	1	0	1	0	0	0
5	7	0	0.09497	0	0	1.5625	0	100	2	0	1	0	0	0	0	0	0	0	0	0	1	0	1	0	0	0
5	8	0	0.09497	0	0	1.5625	0	100	2	0	1	0	0	0	0	0	0	0	0	0	1	0	1	0	0	0
5	9	0	0.09497	0	0	1.5625	0	100	2	0	1	0	0	0	0	0	0	0	0	0	1	0	1	0	0	0
5	10	0	0.09497	0	0	1.5625	0	100	2	0	1	0	0	0	0	0	0	0	0	0	1	0	1	0	0	0
5	11	0	0.09497	0	0	1.5625	0	100	2	0	1	0	0	0	0	0	0	0	0	0	1	0	1	0	0	0
5	12	0	0.09497	0	0	1.5625	0	100	2	0	1	0	0	0	0	0	0	0	0	0	1	0	1	0	0	0
5	13	0	0.09497	0	0	1.5625	0	100	2	0	1	0	0	0	0	0	0	0	0	0	1	0	1	0	0	0
5	14	0	0.09497	0	0	1.5625	0	100	2	0	1	0	0	0	0	0	0	0	0	0	1	0	1	0	0	0
5	15	0	0.09497	0	0	1.5625	0	100	2	0	1	0	0	0	0	0	0	0	0	0	1	0	1	0	0	0
5	16	0	0.09497	0	0	1.5625	0	100	2	0	1	0	0	0	0	0	0	0	0	0	1	0	1	0	0	0
5	17	0	0.09497	0	0	1.5625	0	100	2	0	1	0	0	0	0	0	0	0	0	0	1	0	1	0	0	0
5	18	0	0.09497	0	0	1.5625	0	100	2	0	1	0	0	0	0	0	0	0	0	0	1	0	1	0	0	0
5	19	0	0.09497	0	0	1.5625	0	100	2	0	1	0	0	0	0	0	0	0	0	0	1	0	1	0	0	0
5	20	0	0.09497	0	0	1.5625	0	100	2	0	1	0	0	0	0	0	0	0	0	0	1	0	1	0	0	0
5	21	0	0.09497	0	0	1.5625	0	100	2	0	1	0	0	0	0	0	0	0	0	0	1	0	1	0	0	0
5	22	0	0.09497	0	0	1.5625	0	100	2	0	1	0	0	0	0	0	0	0	0	0	1	0	1	0	0	0
5	23	0	0.09497	0	0	1.5625	0	100	2	0	1	0	0	0	0	0	0	0	0	0	1	0	1	0	0	0
5	24	0	0.09497	0	0	1.5625	0	100	2	0	1	0	0	0	0	0	0	0	0	0	1	0	1	0	0	0
