0.135
0.145
1	0.0298871
2	0.0247126
3	0.0576819
4	0.0117511
5	0.0574727
6	0.0242263
7	0.0158968
8	0.020419
9	0.041192
10	0.025629
11	0.0307315
12	0.016366
13	0.0350648
14	0.0179994
15	0.0301923
16	0.00734099
17	0.043875
18	0.0264934
19	0.023926
20	0.0345046
21	0.0241084
22	0.0289522
23	0.0172433
24	0.0474365
25	0.0261888
26	0.0124236
27	0.0154776
28	0.0223692
29	0.0230177
30	0.0172022
31	0.0427385
32	0.0214268
33	0.0152584
34	0.0150927
35	0.0240369
36	0.0187775
37	0.0319068
38	0.0271736
39	0.0171192
40	0.0392625
41	0.0359273
42	0.0351578
43	0.0485096
44	0.049034
45	0.0277599
46	0.0324973
47	0.0385213
48	0.0270961
49	0.015897
50	0.0240246
51	-1
52	0.0383865
53	0.0197615
54	0.0517088
55	0.0292776
56	0.0241439
57	0.0261794
58	0.0313308
59	0.0330026
60	0.0267332
61	0.0241622
62	0.0411729
63	0.0210972
64	0.0162364
65	0.0137044
66	0.0151741
67	0.0375446
68	0.0168621
69	0.031925
70	0.0350946
71	0.0415267
72	0.0215934
73	0.016032
74	0.0326775
75	0.0224082
76	0.0289879
77	0.0198
78	0.0407666
79	0.0291126
80	0.0226193
81	0.0273623
82	0.0201052
83	0.0268946
84	0.0211889
85	0.0215253
86	0.0149746
87	0.0209808
88	0.0112192
89	0.0219633
90	0.0264249
91	0.0235986
92	0.0563731
93	0.0346075
94	0.0265665
95	0.0114138
96	0.0203512
97	0.0232345
98	0.0491232
99	0.0165532
100	0.018995
101	0.0155548
102	0.0154247
103	0.0304071
104	0.0243953
105	0.0216165
106	0.0376904
107	0.0234416
108	0.0175507
109	0.0127954
110	0.0229946
111	0.018415
112	0.0160195
113	0.0571531
114	0.0144136
115	0.0142
116	0.0162979
117	0.0165792
118	0.0272229
119	0.0183313
120	0.0648822
121	0.0467699
122	0.0179031
123	0.0174479
124	0.0190789
125	0.0223606
126	0.0483477
127	0.0165527
128	0.025106
129	0.0389488
130	0.0206812
131	0.0165331
132	0.0218104
133	0.0210315
134	0.00536606
135	0.0174841
136	0.0212908
137	0.0280733
138	0.0264225
139	0.0199347
140	0.0760941
141	0.0152933
142	0.0286662
143	0.0415116
144	0.0216441
145	0.016112
146	0.00586003
147	0.0110226
148	0.0164329
149	0.0169956
150	0.0149849
151	0.0159121
152	0.0203158
153	0.0149331
154	0.0142952
155	0.0160816
156	0.0161292
157	0.0272267
158	0.014557
159	0.0092825
160	0.0206196
161	0.0445084
162	0.014023
163	0.0163404
164	0.0177274
165	0.0156928
166	0.0172121
167	0.0175083
168	0.0251121
169	0.0373686
170	0.0216869
171	0.0263548
172	0.0196437
173	0.0213677
174	0.0164261
175	0.01734
176	0.0183974
177	0.0176901
178	0.0184976
179	0.0190467
180	0.0157596
181	0.0194538
182	0.0232579
183	0.0397384
184	0.0231179
185	0.0221676
186	0.0252359
187	0.0234421
188	0.171931
189	0.0183631
190	0.0194976
191	0.044716
192	0.0169786
193	0.0174678
194	0.0249348
195	0.018341
196	0.02208
197	0.0298364
198	0.0170227
199	0.0156378
200	0.0196563
201	0.0197166
202	0.0183785
203	0.0328724
204	0.0180928
205	0.0172566
206	0.0278624
207	0.0192349
208	0.0268003
209	0.0271189
210	0.0152012
211	0.0174671
212	0.021238
213	0.0133319
214	0.023981
215	0.0234142
216	-1
217	-1
218	0.0402561
219	0.0176495
220	0.0228257
221	0.0189523
222	0.0793032
223	0.0168893
224	0.0253864
225	0.0196314
226	0.0177556
227	0.0198726
228	0.0201317
229	0.024383
230	0.0163631
231	0.0228971
232	0.0186604
233	0.0211415
234	0.0239308
235	0.0206011
236	0.0220066
237	0.0143348
238	0.0371583
239	0.0310516
240	0.0277794
241	0.00834051
242	0.0239584
243	0.0187554
244	0.0122373
245	0.0180223
246	0.033817
247	0.0146638
248	0.0194707
249	0.0206908
250	0.0151225
251	0.018085
252	-1
253	0.0201487
254	0.0156493
255	0.0178825
256	0.0143565
257	0.0147087
258	0.0144248
259	0.0213291
260	0.0138415
261	0.0161892
262	0.015105
263	0.0171805
264	-1
265	-1
266	0.0169788
267	0.0223356
268	0.0353173
269	0.0204017
270	0.0144428
271	0.0181804
272	0.0183223
273	0.0267979
274	0.0224216
275	0.0279221
276	0.0208545
277	0.0242056
278	0.0113846
279	0.0181851
280	0.0180847
281	0.0193023
282	0.021652
283	0.0262785
284	0.0186202
285	0.0194165
286	0.0189047
287	0.0300036
288	0.0282412
289	0.014588
290	0.0325736
291	0.0253224
292	0.0325449
293	0.0152047
294	0.022741
295	0.0230507
296	0.0130467
297	0.019475
298	0.018409
299	0.0174184
300	0.0248077
301	0.00955432
302	0.0215781
303	0.0118206
304	0.0127509
305	0.0105284
306	0.0162149
307	0.0136358
308	0.0225222
309	0.0127387
310	0.0164422
311	0.0176133
312	0.020111
313	0.0191517
314	0.0231325
315	0.0217824
316	0.0153591
317	0.0254075
318	0.0199759
319	0.0125182
320	0.0180925
321	0.0140719
322	0.0146387
323	0.0164929
324	0.0232149
325	0.0131417
326	0.0172628
327	0.0334152
328	0.0210665
329	0.0296384
330	0.0202713
331	0.0239251
332	0.0248159
333	0.0164397
334	0.0211986
335	0.0323671
336	0.0246755
337	0.0334211
338	0.0151804
339	0.0149079
340	0.0138043
341	0.0308722
342	0.0188088
343	0.019696
344	0.0179381
345	0.0205963
346	0.0275263
347	0.0157799
348	0.0221142
349	0.0143154
350	0.0285366
351	0.030901
352	0.00875328
353	0.0154139
354	0.0195801
355	0.022314
356	0.0133073
357	0.013361
358	0.0258487
359	0.0116409
360	0.0162999
361	0.0193496
362	0.0170354
363	0.023869
364	0.021962
365	0.0217964
366	0.0148998
367	0.0253673
368	0.0204486
369	0.0179673
370	0.0248331
371	0.0291884
372	0.022863
373	0.0222544
374	0.0179751
375	0.0165615
376	0.0205506
377	0.0249515
378	0.0176859
379	0.0307415
380	0.0128452
381	0.0580467
382	0.0137768
383	0.0565266
384	0.0529766
385	0.0186314
386	0.022492
387	0.0174646
388	0.0168998
389	0.0207868
390	0.020708
391	0.0188301
392	0.0200879
393	0.0191361
394	0.0176318
395	0.0144404
396	0.0210311
397	0.0155989
398	0.0150409
399	0.0228838
400	0.0170031
401	0.0159148
402	0.016866
403	0.015701
404	0.0247407
405	0.015154
406	0.0157497
407	0.0135999
408	0.0225261
409	0.0220341
410	0.0207913
411	0.0170941
412	0.0202822
413	0.0156823
414	0.0132942
415	0.0150867
416	0.015456
417	0.0217651
418	0.0213417
419	0.0272597
420	0.0247981
421	0.018294
422	0.0198114
423	0.0161344
424	0.0343822
425	0.0166049
426	0.282307
427	0.0208074
428	0.0168872
429	0.017153
430	0.0134615
431	0.0362926
432	0.0229425
433	0.0242763
434	0.0107995
435	0.0430386
436	0.0139623
437	0.0126408
438	0.0151763
439	0.0158441
440	0.012148
441	0.0262294
442	0.0154822
443	0.0157163
444	0.0182918
445	0.015543
446	0.0165343
447	0.0115844
448	0.0746781
449	0.0154767
450	0.0151063
451	0.00959451
452	0.0130827
453	0.0157534
454	0.0107145
455	0.0145243
456	-1
457	-1
458	0.0431319
459	0.0317464
460	0.0145565
461	0.0135395
462	0.0172879
463	0.0158848
464	0.0159655
465	0.0117506
466	0.0166011
467	0.0101287
468	0.0313512
469	0.0209215
470	0.0172234
471	0.0228348
472	0.0125514
473	0.0260014
474	0.0191462
475	0.0187187
476	0.0213255
477	0.0164535
478	0.0167685
479	0.0535853
480	-1
481	-1
482	0.0297766
483	0.0143532
484	0.0119738
485	0.0206394
486	0.0198231
487	0.0156547
488	0.0213135
489	0.0142062
490	0.0207291
491	0.0169842
492	0.0150225
493	0.0179513
494	0.0136042
495	0.0149831
496	0.0200882
497	0.0146654
498	0.0196722
499	0.0132518
500	0.0205547
501	0.0189909
502	0.0182486
503	0.0137758
504	0.0171543
505	0.0901522
506	0.0207385
507	0.021654
508	0.0284178
509	0.0196128
510	0.0146284
511	0.0234177
512	0.0231638
513	0.0182201
514	0.019979
515	0.013934
516	0.0258483
517	0.0163168
518	0.0224176
519	0.0150983
520	0.0134659
521	0.0520431
522	0.0313663
523	0.01555
524	0.0143867
525	0.0678145
526	0.0155519
527	0.0186339
528	0.0212818
529	0.0173296
530	0.0165613
531	0.012785
532	0.0212261
533	0.0197287
534	0.0163351
535	0.0159136
536	0.0277061
537	0.0589288
538	0.0198365
539	0.0250998
540	0.0126315
541	0.0104762
542	0.0201126
543	0.0185776
544	0.0144918
545	0.0143572
546	0.0176698
547	0.016009
548	0.0208426
549	0.0110209
550	0.0220138
551	0.00997106
552	0.0178467
553	0.102665
554	0.0106621
555	0.0221688
556	0.0263742
557	0.0237621
558	0.0129322
559	0.0165386
560	0.022592
561	0.0167334
562	0.017251
563	0.026214
564	0.0138557
565	0.0169211
566	0.0190667
567	0.00998024
568	0.0171225
569	0.0255456
570	0.0198929
571	0.0139407
572	0.0358197
573	0.032027
574	0.0194262
575	0.017117
576	0.0251207
577	0.0157389
578	0.018758
579	0.0221243
580	0.0151972
581	0.0204644
582	0.0153708
583	0.0164027
584	0.0195728
585	0.0165513
586	0.0184646
587	0.0154127
588	0.0177539
589	0.0192132
590	0.0133334
591	0.021006
592	0.0194814
593	0.0175379
594	0.0113963
595	0.0150717
596	0.0200297
597	0.0125849
598	0.0190196
599	0.00906988
600	0.0180839
601	0.0516954
602	0.0143435
603	0.0109991
604	0.0129726
605	0.0202125
606	0.0121774
607	0.0250374
608	0.019725
609	0.0376067
610	0.0213342
611	0.0248691
612	0.0232171
613	0.0189477
614	0.0171711
615	0.0298218
616	0.0126162
617	0.0152248
618	0.0221886
619	0.0204883
620	0.0213168
621	0.0180608
622	0.0195544
623	0.0644412
624	0.00999825
625	0.0242935
626	0.0157425
627	0.0166003
628	0.0208783
629	0.0193497
630	0.0195377
631	0.0215457
632	0.0164488
633	0.0499515
634	0.0199989
635	0.0162105
636	0.0217193
637	0.0227321
638	0.0159775
639	0.0221302
640	0.0356802
641	0.0161879
642	0.0111724
643	0.019121
644	0.0138457
645	0.015698
646	0.0150512
647	0.0208218
648	0.0197552
649	0.0194201
650	0.026706
651	0.0322212
652	0.0162992
653	0.0181381
654	0.016577
655	0.026407
656	0.0231286
657	0.019824
658	0.0178583
659	0.0194983
660	0.0357769
661	0.0190197
662	0.0124744
663	0.019256
664	0.0214466
665	0.0105608
666	0.0163172
667	0.0200523
668	0.0159748
669	0.185598
670	0.0194797
671	0.0202008
672	0.0295008
673	0.0181802
674	0.0144386
675	0.0265672
676	0.0262774
677	0.0298281
678	0.0171892
679	0.0135101
680	0.0185367
681	0.0114041
682	0.0202095
683	0.032092
684	0.0183581
685	0.0383631
686	0.0168791
687	0.0206191
688	0.0456172
689	0.0223927
690	0.025979
691	0.018238
692	0.0153275
693	0.0231488
694	0.0251787
695	0.0229826
696	0.0204483
697	0.0226043
698	0.0266854
699	0.0198206
700	0.0204244
701	0.0276761
702	0.018686
703	0.0155936
704	0.0233819
705	0.0211561
706	0.0181746
707	0.0296406
708	0.0225878
709	0.0458698
710	0.0181494
711	0.033833
712	0.0180786
713	0.021029
714	0.0336466
715	0.021069
716	0.0225559
717	0.0209907
718	0.0342661
719	0.0380632
720	0.0214033
721	0.0196947
722	0.0149369
723	0.0154598
724	0.0253086
725	0.0213536
726	0.0229933
727	0.0212618
728	0.0217198
729	0.0311177
730	0.0241449
731	0.0185142
732	0.024681
733	0.0118485
734	0.0172042
735	0.0193551
736	0.0211855
737	0.0121371
738	0.017017
739	0.013627
740	0.0230305
741	0.0137624
742	0.0142739
743	0.0132336
744	0.0216922
745	0.0206343
746	0.0404974
747	0.0158765
748	0.0244168
749	0.0381607
750	0.0174197
751	0.0277642
752	0.028935
753	0.0195877
754	0.0194515
755	0.0228833
756	0.0259783
757	0.0163394
758	0.0280257
759	0.015049
760	0.0378204
761	0.0242905
762	0.0141156
763	0.0176152
764	0.0403601
765	0.0188185
766	0.0394279
767	0.028408
768	0.0267645
769	0.0194747
770	0.031141
771	-1
772	0.0373894
773	0.0239183
774	0.0165377
775	0.0209886
776	0.0186742
777	0.0148322
778	0.0154486
779	0.0117802
780	0.013195
781	0.0149658
782	0.0205889
783	0.0195042
784	0.0176315
785	0.0155643
786	0.0165561
787	0.0202138
788	0.0116532
789	0.0219883
790	0.0166389
791	0.0118285
792	0.0207156
793	0.020251
794	0.0879404
795	0.0174083
796	0.0287431
797	0.0174484
798	0.0425033
799	0.0215686
800	0.0224154
801	0.0243517
802	0.0302017
803	0.0145116
804	0.0312674
805	0.0233291
806	0.0190478
807	0.0249077
808	0.0148596
809	0.0330713
810	0.0151029
811	0.0220631
812	0.0176411
813	0.0468461
814	0.0284046
815	0.0309015
816	0.0208191
817	0.0211583
818	0.0119625
819	0.0146648
820	0.0128349
821	0.0231562
822	0.0146643
823	0.0198826
824	0.0200057
825	0.0167721
826	0.0225802
827	0.019989
828	0.0236978
829	0.0149645
830	0.0181135
831	0.0243613
832	0.0163201
833	0.0472775
834	0.0235546
835	0.0188309
836	0.0831864
837	0.0178949
838	0.387926
839	0.0213364
840	0.0424278
841	0.0240933
842	0.042175
843	0.0166575
844	0.0251645
845	0.0370995
846	0.0250817
847	0.0364283
848	0.0401656
849	0.0321261
850	0.023494
851	-1
852	0.0180524
853	0.0344757
854	0.0257796
855	0.0223396
856	0.0234337
857	0.0355454
858	0.0199794
859	0.0249954
860	0.0210457
861	0.139589
862	0.0441482
863	0.0253376
864	0.0624072
865	0.0287078
866	0.0341917
867	0.0244472
868	0.0199074
869	0.0382309
870	0.0292549
871	0.0212492
872	0.0135593
873	0.263166
874	0.203124
875	0.0228504
876	0.0232876
877	0.0404957
878	0.0535005
879	0.0421036
880	0.0636977
881	0.030314
882	0.0250715
883	0.0500128
884	0.0377215
885	0.0513441
886	0.0652199
887	0.0508825
888	0.0508637
889	0.0228231
890	0.0394104
891	0.0445596
892	0.055891
893	0.0695589
894	0.0594036
895	0.045547
896	0.0585931
897	0.0814185
898	0.0822105
899	0.059018
900	0.0592137
901	0.0476415
902	0.0604768
903	0.0577694
904	0.0299852
905	0.0415335
906	0.0376326
907	0.0507984
908	0.0236582
909	0.0199839
910	0.0457266
911	0.040453
912	0.0296298
913	0.0357441
914	0.0308771
915	0.0356433
916	0.0563322
917	0.0475102
918	0.0560817
919	0.067886
920	0.049507
921	0.0451992
922	-1
923	0.0582654
924	0.0622451
925	0.0693214
926	0.0616313
927	0.0451688
928	0.0362031
929	0.0840639
930	0.0582105
931	0.0476368
932	0.0529191
933	0.0738227
934	0.0549667
935	0.0559384
936	0.0666436
937	0.0555308
938	0.0673286
939	0.0502532
940	0.028844
941	0.0470087
942	0.0402074
943	0.0287262
944	0.0354713
945	0.0317115
946	0.0375791
947	0.0407307
948	0.0327335
949	0.0659243
950	0.0570049
951	0.0878623
952	0.0586165
953	0.0576466
954	0.0569061
955	0.0472917
956	0.0609858
957	0.0389156
958	0.048142
959	0.0465374
960	0.0330813
961	0.0416407
962	0.0226917
963	0.0366683
964	0.0398104
965	0.0524379
966	0.0587367
967	0.0302422
968	0.0487621
969	0.0443633
970	0.0344019
971	0.0534135
972	0.0378348
973	0.0334798
974	0.0436011
975	0.0513073
976	0.0363129
977	0.0287061
978	0.0293872
979	0.0714739
980	0.0410511
981	0.0469632
982	0.0416098
983	0.0635891
984	0.0546766
985	0.0706261
986	0.0828151
987	0.0740832
988	0.0698203
989	0.0542099
990	0.0577186
991	0.0591749
992	0.0640656
993	0.0701436
994	0.0422528
995	0.0320224
996	0.0605607
997	0.0600276
998	0.0515505
999	0.0548867
1000	0.0592297
1001	0.0650873
1002	0.0641172
1003	0.0472352
1004	0.0814193
1005	0.0942427
1006	0.0727317
1007	0.079975
1008	0.0578805
1009	0.0734222
1010	0.0793203
1011	0.0551755
1012	0.0770754
1013	-1
1014	0.0664273
1015	0.0595482
1016	0.059725
1017	0.0478512
1018	0.0553125
1019	0.0594092
1020	0.0679629
