1	4.33574
2	5.31632
3	2.55225
4	16.1005
5	3.40739
6	1.72777
7	4.90841
8	3.66152
9	2.81543
10	7.77903
11	7.39908
12	10.8587
13	5.94286
14	9.45719
15	5.30118
16	21.8936
17	4.02978
18	5.51427
19	3.94188
20	5.96955
21	7.6776
22	5.90029
23	0.18594
24	2.5726
25	3.74088
26	6.03948
27	5.33448
28	3.78081
29	5.58521
30	9.37879
31	4.11162
32	8.76391
33	13.7937
34	11.8537
35	5.03592
36	5.63742
37	5.88628
38	8.02832
39	10.84
40	4.87528
41	2.52409
42	1.58745
43	0.109922
44	2.56813
45	4.96619
46	4.97995
47	0.1292
48	7.46904
49	13.736
50	7.04102
51	0.0525729
52	1.98164
53	1.51201
54	1.64427
55	5.06265
56	0.843102
57	5.94904
58	3.77834
59	5.14492
60	5.33916
61	3.28928
62	4.06028
63	3.99291
64	2.71517
65	6.48416
66	5.39433
67	1.70707
68	5.19582
69	0.908754
70	3.63647
71	0.92604
72	10.7509
73	5.89215
74	4.17902
75	0.414837
76	2.85499
77	2.38642
78	3.17291
79	5.20567
80	3.4592
81	3.0812
82	6.34563
83	5.95082
84	5.81045
85	5.468
86	10.4389
87	5.58713
88	5.12478
89	7.14165
90	6.2765
91	5.90934
92	2.17472
93	10.7813
94	2.65805
95	5.48139
96	10.6626
97	0.469794
98	3.77555
99	0.646537
100	6.63164
101	8.95121
102	2.86078
103	3.42375
104	3.82514
105	4.95813
106	2.09249
107	5.34706
108	4.07593
109	8.59254
110	6.03702
111	2.48162
112	2.75169
113	0.474146
114	9.15403
115	4.02749
116	9.19217
117	6.65233
118	5.82587
119	2.23063
120	0.229359
121	1.85624
122	3.28502
123	3.04696
124	4.38704
125	3.48154
126	3.14356
127	3.92209
128	3.17812
129	3.71877
130	5.10343
131	6.48908
132	0.556242
133	5.11793
134	1.39881
135	7.02911
136	4.27597
137	5.77576
138	5.18837
139	5.86009
140	1.12883
141	9.56732
142	5.59511
143	2.53293
144	6.33845
145	0.835297
146	27.7146
147	6.94562
148	8.87164
149	7.09825
150	4.83217
151	5.15831
152	5.27627
153	3.42735
154	3.29471
155	10.4613
156	13.7724
157	3.65956
158	1.75854
159	5.57185
160	3.7076
161	1.14184
162	5.69298
163	5.24797
164	4.02651
165	0.649841
166	4.39148
167	2.70195
168	4.21118
169	1.45576
170	6.64632
171	3.40136
172	3.98324
173	1.78784
174	1.37518
175	3.63291
176	3.20457
177	2.38433
178	4.3441
179	8.90487
180	3.99091
181	9.32639
182	6.41041
183	3.97804
184	7.60852
185	0.472679
186	8.81522
187	6.59325
188	1.12474
189	6.44085
190	8.40201
191	4.16021
192	8.15091
193	4.69088
194	5.91422
195	6.44172
196	6.89672
197	4.65627
198	6.62089
199	3.65455
200	5.08552
201	7.08898
202	1.77795
203	3.50553
204	6.23198
205	6.25215
206	3.36651
207	3.05254
208	3.0616
209	3.06436
210	4.01814
211	3.83405
212	3.96034
213	4.33258
214	3.89696
215	1.26815
216	0.0268857
217	0.0267643
218	2.48147
219	4.94652
220	2.80614
221	1.48078
222	0.491709
223	1.70565
224	3.06794
225	8.7351
226	9.29465
227	4.74214
228	5.31264
229	7.14538
230	9.59462
231	5.62365
232	9.52642
233	8.73541
234	4.33374
235	6.42409
236	9.35385
237	7.26182
238	4.3367
239	1.43637
240	6.04957
241	4.43304
242	1.37246
243	8.78821
244	9.10489
245	10.2191
246	3.10455
247	2.88833
248	6.6451
249	7.7822
250	7.9847
251	7.64299
252	0.02482
253	8.2936
254	4.64971
255	4.06107
256	3.05723
257	4.26787
258	5.34706
259	3.96164
260	4.16676
261	4.47403
262	3.39186
263	1.09477
264	0.0295163
265	0.0285784
266	10.3616
267	1.44434
268	5.6532
269	3.79006
270	3.54104
271	1.53823
272	4.46735
273	7.86699
274	4.80471
275	4.65863
276	2.71634
277	8.25392
278	12.2354
279	3.56688
280	13.0324
281	3.97145
282	10.1476
283	6.3814
284	9.21917
285	9.4715
286	5.93397
287	4.9213
288	6.62022
289	6.05211
290	0.200823
291	5.76311
292	5.03243
293	1.63751
294	7.48526
295	4.67262
296	5.29758
297	0.791956
298	4.04945
299	8.36081
300	4.36736
301	5.83928
302	5.21718
303	11.5381
304	3.26038
305	8.05808
306	6.10336
307	7.44695
308	1.87118
309	9.57157
310	8.54084
311	7.42416
312	4.1599
313	1.98975
314	3.37853
315	6.55026
316	3.43898
317	5.01645
318	4.89328
319	5.41868
320	8.85169
321	4.75214
322	3.75384
323	6.16771
324	7.2366
325	9.62543
326	13.7393
327	2.32899
328	4.88876
329	4.43628
330	5.25692
331	3.46757
332	5.20883
333	10.0056
334	11.4336
335	4.97198
336	4.01679
337	1.20767
338	7.03389
339	8.25303
340	1.05615
341	1.88723
342	6.50448
343	3.5432
344	6.20043
345	3.09877
346	3.90374
347	6.28762
348	3.53599
349	8.12442
350	2.21314
351	2.61003
352	5.14122
353	3.53735
354	2.80762
355	2.89864
356	4.97201
357	9.34094
358	4.69521
359	8.54785
360	4.07345
361	4.94447
362	3.18184
363	5.37434
364	5.79908
365	3.48733
366	9.08159
367	4.72198
368	5.11226
369	2.99999
370	2.93375
371	2.57079
372	3.5949
373	4.35316
374	3.16077
375	4.67489
376	10.2539
377	6.9849
378	7.39538
379	4.64404
380	2.47787
381	0.793621
382	5.50019
383	0.672711
384	1.11239
385	3.26007
386	4.06313
387	5.96646
388	3.5768
389	2.1124
390	2.0016
391	4.09887
392	4.09392
393	6.13778
394	4.4368
395	6.35243
396	2.64238
397	3.60511
398	1.40091
399	1.68508
400	4.86108
401	7.4235
402	8.08781
403	3.37106
404	2.33319
405	4.72025
406	4.63242
407	0.844049
408	1.03366
409	2.03397
410	3.13731
411	7.82545
412	4.4595
413	8.5771
414	4.20395
415	4.2876
416	4.49771
417	3.95
418	4.96337
419	2.95772
420	1.59869
421	4.40813
422	2.8743
423	7.58391
424	2.89513
425	2.93697
426	0.0516873
427	4.90375
428	4.99255
429	3.86254
430	4.75462
431	1.9664
432	7.79822
433	3.72215
434	7.74313
435	1.50067
436	2.21788
437	4.79123
438	5.35864
439	4.68203
440	6.40509
441	1.94273
442	5.09694
443	4.86131
444	1.71189
445	5.68062
446	3.73635
447	5.39415
448	0.894154
449	3.69139
450	6.68085
451	8.13011
452	5.48257
453	1.64029
454	7.59706
455	4.62289
456	0.0415
457	0.0434843
458	1.05432
459	3.82425
460	3.10391
461	5.09088
462	5.32547
463	5.07919
464	3.00144
465	9.63159
466	7.87667
467	6.00902
468	1.93748
469	3.98779
470	3.40388
471	1.97973
472	6.20303
473	0.906294
474	5.52474
475	3.23064
476	4.15758
477	6.15965
478	2.19011
479	2.68453
480	0
481	0.0246818
482	6.68318
483	4.40186
484	5.34986
485	6.08988
486	5.55531
487	6.75131
488	4.40476
489	7.77974
490	4.72428
491	7.96429
492	5.42149
493	8.12455
494	4.54083
495	3.30102
496	4.28498
497	8.28451
498	2.84569
499	8.57094
500	6.6701
501	4.73311
502	7.06814
503	6.20269
504	3.81584
505	0.610813
506	4.25877
507	5.06623
508	3.76998
509	3.90545
510	5.30858
511	5.02461
512	5.03885
513	2.78505
514	3.64879
515	4.32106
516	2.76204
517	2.60065
518	1.23112
519	5.55697
520	4.26925
521	0.47672
522	2.10804
523	5.77886
524	5.64661
525	0.904101
526	7.22829
527	6.04117
528	4.59781
529	5.84522
530	3.39905
531	12.4648
532	5.766
533	3.96807
534	4.12889
535	7.43151
536	3.24583
537	1.44596
538	8.23783
539	2.78035
540	8.15297
541	4.99503
542	0.378563
543	6.66059
544	7.20571
545	10.6667
546	10.6911
547	9.11679
548	2.41737
549	6.53972
550	4.70933
551	10.4078
552	3.67431
553	0.54493
554	3.9469
555	4.11784
556	4.76998
557	3.48301
558	8.43482
559	3.43529
560	4.9243
561	3.01287
562	7.35938
563	6.93955
564	3.2684
565	3.75942
566	3.38255
567	10.9008
568	2.8
569	3.36156
570	2.22499
571	8.07624
572	2.96274
573	1.98687
574	5.41041
575	7.93223
576	4.85072
577	5.8114
578	5.34536
579	3.55531
580	4.15728
581	3.1667
582	6.38729
583	5.66232
584	3.79463
585	7.10771
586	6.14855
587	5.78426
588	4.60866
589	6.96673
590	4.51523
591	4.86898
592	4.16548
593	4.00109
594	5.62808
595	0.512758
596	6.28252
597	8.8832
598	6.12683
599	12.4086
600	5.98547
601	1.8655
602	2.84069
603	2.99401
604	8.30815
605	6.93225
606	6.88354
607	5.59261
608	5.39773
609	4.09664
610	4.30266
611	4.28326
612	3.93446
613	2.37652
614	4.58931
615	1.79283
616	5.46511
617	2.42575
618	2.7315
619	4.23122
620	5.85924
621	2.27041
622	4.44793
623	0.379755
624	0.595168
625	6.12556
626	5.75171
627	8.68242
628	7.711
629	6.97686
630	5.27318
631	9.37287
632	8.84539
633	1.61648
634	3.42697
635	7.08873
636	4.2417
637	6.55296
638	4.62018
639	4.96377
640	1.1952
641	3.80662
642	8.56524
643	5.7366
644	7.44029
645	10.1177
646	9.21663
647	2.61954
648	4.92675
649	6.65007
650	3.62908
651	3.79406
652	8.30118
653	7.38
654	5.79754
655	3.75706
656	2.66011
657	5.81272
658	4.2043
659	3.89302
660	3.05137
661	5.05337
662	4.53153
663	3.39952
664	2.74662
665	7.31474
666	6.72048
667	1.56365
668	4.76425
669	0.45723
670	0.908302
671	1.79389
672	2.17834
673	5.78138
674	6.27581
675	4.0185
676	9.36528
677	4.93654
678	8.06053
679	1.58625
680	7.56222
681	10.9769
682	9.94072
683	3.04078
684	10.6248
685	6.15139
686	8.08228
687	6.81542
688	1.65087
689	7.56327
690	4.3042
691	3.02874
692	4.42698
693	3.17246
694	4.5033
695	5.25785
696	7.45669
697	3.56795
698	4.34674
699	6.51022
700	6.78273
701	3.33389
702	0.44407
703	2.44425
704	3.69101
705	4.68595
706	3.13614
707	3.70256
708	4.00377
709	1.16949
710	3.22629
711	1.34874
712	3.86283
713	2.41015
714	2.8495
715	2.7784
716	5.35455
717	4.78875
718	1.91525
719	1.29914
720	2.87658
721	10.0743
722	6.41629
723	4.24402
724	8.72686
725	9.46679
726	4.64491
727	8.09949
728	3.96147
729	6.03782
730	4.52624
731	6.94338
732	6.12276
733	3.36459
734	3.51266
735	4.73397
736	4.69431
737	5.85115
738	8.20573
739	2.66649
740	1.42757
741	4.36948
742	4.1225
743	8.51153
744	5.38783
745	3.45929
746	1.67594
747	3.56534
748	2.40467
749	1.94849
750	6.00075
751	1.83638
752	2.25605
753	4.03513
754	5.0302
755	2.3093
756	5.05363
757	4.34465
758	1.05246
759	3.1612
760	2.47584
761	4.69366
762	5.42437
763	4.27961
764	0.75908
765	4.95283
766	1.67645
767	1.47193
768	2.71657
769	5.9853
770	1.48222
771	0.0249723
772	1.81404
773	2.21452
774	4.48734
775	6.18121
776	8.75142
777	4.03461
778	4.58037
779	5.27224
780	9.56032
781	4.93417
782	5.58187
783	5.04329
784	5.56364
785	6.13439
786	5.90379
787	4.00934
788	7.09569
789	4.01516
790	3.7372
791	6.75332
792	6.858
793	3.65574
794	0.95253
795	5.70058
796	4.88373
797	4.94612
798	3.80148
799	4.79231
800	1.64699
801	4.19116
802	4.41154
803	4.13716
804	3.88847
805	2.65494
806	1.78373
807	3.31597
808	4.82039
809	2.44626
810	3.7236
811	1.63259
812	4.93182
813	1.55357
814	3.26231
815	2.60145
816	3.25056
817	2.80649
818	6.61427
819	4.08341
820	5.75913
821	5.94001
822	6.81765
823	3.07747
824	3.36246
825	4.45138
826	2.46623
827	5.74756
828	2.73688
829	8.27316
830	10.0682
831	6.91758
832	5.17767
833	0.868467
834	6.41849
835	10.4583
836	0.542035
837	7.44884
838	0.460794
839	4.15439
840	4.86312
841	7.19605
842	1.5657
843	6.50933
844	7.5769
845	4.77296
846	2.80356
847	2.07604
848	3.0103
849	2.90072
850	8.12894
851	0.0259976
852	2.50274
853	2.45646
854	3.78334
855	4.95741
856	2.20924
857	2.80332
858	5.37851
859	2.74773
860	2.52514
861	0.115563
862	2.03771
863	3.3326
864	0.421583
865	4.29008
866	1.88823
867	2.16772
868	9.51586
869	1.5112
870	6.27206
871	4.48324
872	5.65975
873	0.355087
874	0.200667
875	5.04045
876	6.42808
877	0.575554
878	0.996357
879	1.05152
880	4.36056
881	6.29871
882	0.827485
883	3.05982
884	3.77013
885	3.41016
886	4.41745
887	3.71656
888	3.78484
889	9.44181
890	6.00634
891	5.15842
892	4.0713
893	1.21738
894	3.70276
895	0.729894
896	2.19699
897	1.9132
898	1.21763
899	1.17261
900	1.99277
901	1.80137
902	1.37191
903	0.988072
904	4.3597
905	3.54152
906	4.6425
907	3.46475
908	11.6166
909	9.10206
910	4.63693
911	6.22804
912	10.0993
913	1.39982
914	1.68701
915	4.40244
916	4.77305
917	5.18696
918	2.29283
919	1.46217
920	0.729838
921	3.15607
922	0.0365227
923	2.1592
924	2.17024
925	2.48348
926	2.94574
927	6.08734
928	5.70673
929	1.82648
930	3.0268
931	0.157248
932	1.44998
933	0.891699
934	1.39991
935	1.55397
936	1.24754
937	1.27765
938	1.26121
939	1.40629
940	4.3819
941	2.14887
942	5.48166
943	0.75577
944	5.37137
945	4.1277
946	6.13675
947	5.07762
948	8.70855
949	3.78175
950	3.59421
951	1.82299
952	3.14785
953	2.07494
954	2.69505
955	4.33671
956	1.32859
957	1.99824
958	3.06161
959	2.53911
960	3.03764
961	3.66508
962	7.87556
963	4.1552
964	4.33308
965	3.45354
966	2.33604
967	1.33138
968	0.879025
969	1.68886
970	1.19092
971	1.64067
972	2.88085
973	2.49868
974	0.25034
975	1.30869
976	3.15992
977	7.93474
978	5.1334
979	2.07332
980	5.01646
981	2.36754
982	2.97056
983	2.5967
984	3.91335
985	3.8296
986	2.09708
987	2.45834
988	5.43394
989	4.09337
990	2.556
991	2.51193
992	2.22183
993	3.40073
994	3.38777
995	2.3497
996	1.44519
997	1.24953
998	2.79534
999	3.09132
1000	3.71506
1001	2.02913
1002	1.38488
1003	0.795928
1004	0.869535
1005	1.52477
1006	2.19427
1007	0.89758
1008	0.662449
1009	1.03579
1010	0.0941829
1011	1.35924
1012	1.5481
1013	0.0257272
1014	4.46302
1015	2.34742
1016	3.13982
1017	2.81759
1018	2.85888
1019	2.62971
1020	3.59957
