-0.430437 1.39772 12.4173
-0.37136 -5.89912 12.6182
-0.312282 22.0804 12.6389
-0.253205 24.4813 12.5463
-0.194127 30.3202 12.6566
-0.135049 51.623 12.8824
-0.0759707 72.6255 13.0477
-0.0168923 100.379 13.1884
0.0421862 159.185 13.6573
0.101265 192.766 14.3946
0.160344 252.187 15.7285
0.219423 293.607 16.2383
0.278502 326.712 16.9178
0.337581 354.492 17.2483
0.396661 364.475 17.1561
0.455741 362.601 16.8662
0.514821 362.155 16.826
0.573901 388.634 16.9154
0.632981 413.909 16.8941
0.692062 418.385 17.0889
0.751142 390.793 16.764
0.810223 392.951 16.6766
0.869304 416.09 16.7838
0.928385 394.515 16.6557
0.987467 391.476 16.7206
1.04655 399.523 16.7114
1.10563 386.673 16.5288
1.16471 404.464 16.6613
1.22379 429.649 16.8322
1.28288 399.374 16.5074
1.34196 391.116 16.547
1.40104 433.511 16.7441
1.46012 411.791 16.5489
1.51921 389.001 16.6364
1.57829 384.356 16.597
1.63737 394.939 16.5966
1.69646 393.444 16.6348
1.75554 393.934 16.5353
1.81462 405.7 16.5131
1.87371 398.478 16.5556
1.93279 408.057 16.6439
1.99188 389.903 16.5962
2.05096 388.166 16.6247
2.11005 404.392 16.6966
2.16913 422.18 16.722
2.22821 406.362 16.6877
2.2873 423.618 16.7262
2.34639 379.763 16.6316
2.40547 430.81 16.703
2.46456 391.452 16.5665
2.52364 389.327 16.66
2.58273 412.053 16.6627
2.64181 401.505 16.5711
2.7009  405.345 16.6181
2.75999 408.82 16.7422
2.81907 395.538 16.6881
2.87816 405.404 16.7328
2.93725 423.22 16.7306
2.99633 414.726 16.7284
3.05542 419.269 16.8711
3.11451 395.851 16.7357
3.1736 391.158 16.8424
3.23269 398.871 16.9192
3.29177 392.994 16.9775
3.35086 383.663 17.0135
3.40995 366.932 17.0373
3.46904 412.45 17.0671
3.52813 440.943 17.255
3.58722 411.143 17.1612
3.6463 413.696 17.1876
3.70539 388.538 17.1565
3.76448 422.528 17.2482
3.82357 408.512 17.2867
3.88266 413.639 17.2606
3.94175 411.083 17.2966
4.00084 392.62 17.2928
4.05993 403.736 17.2888
4.11902 406.424 17.3097
4.17811 426.243 17.5097
4.2372 424.134 17.5104
4.29629 447.215 17.5329
4.35539 400.395 17.4656
4.41448 396.337 17.5788
4.47357 409.213 17.7124
4.53266 426.755 17.8594
4.59175 404.469 17.8156
4.65084 412.725 17.8701
4.70993 415.777 17.9758
4.76903 400.169 17.9964
4.82812 428.287 18.1089
4.88721 399.785 18.002
4.9463 419.471 18.0889
5.0054 410.528 18.0785
5.06449 392.944 18.0795
5.12358 395.074 18.0209
5.18268 398.191 17.9784
5.24177 410.089 18.2191
5.30086 384.842 18.0445
5.35996 410.966 18.118
5.41905 415.087 18.1947
5.47814 412.87 18.1675
5.53724 406.956 18.3209
5.59633 404.647 18.1942
5.65543 397.609 18.1666
5.71452 411.471 18.1204
5.77362 392.404 18.1713
5.83271 414.068 18.567
5.89181 421.502 18.4672
5.9509 397.214 18.1682
6.01 387.856 18.4221
6.06909 417.053 18.2842
6.12819 376.582 18.3478
6.18728 412.666 18.373
6.24638 411.15 18.3725
6.30548 387.722 18.187
6.36457 386.865 18.3116
6.42367 425.298 18.3663
6.48277 399.707 18.3491
6.54186 363.327 18.253
6.60096 392.742 18.254
6.66006 410.754 18.4897
6.71915 411.302 18.3772
6.77825 353.023 18.3304
6.83735 404.279 18.4793
6.89645 393.322 18.2953
6.95555 386.7 18.5712
7.01464 393.437 18.4899
7.07374 417.794 18.624
7.13284 397.213 18.4495
7.19194 384.393 18.5712
7.25104 410.697 18.5702
7.31014 416.899 18.5348
7.36923 393.652 18.6908
7.42833 431.082 18.9705
7.48743 379.213 18.694
7.54653 398.917 18.777
7.60563 406.552 18.8634
7.66473 412.216 18.9246
7.72383 408.399 18.9284
7.78293 342.214 18.7902
7.84203 412.162 19.0393
7.90113 386.312 18.9217
7.96023 393.953 18.9898
8.01933 390.379 18.969
8.07843 409.018 19.0182
8.13753 395.089 19.3408
8.19664 374.283 19.1314
8.25574 379.458 19.1416
8.31484 399.413 19.2062
8.37394 421.45 19.2886
8.43304 390.711 19.121
8.49214 396.70 19.2841
8.55125 390.25 19.0631
8.61035 403.482 19.1375
8.66945 380.049 18.9268
8.72855 399.153 19.1404
8.78765 376.395 19.35
8.84676 364.736 19.2362
8.90586 392.075 19.4908
8.96496 358.623 19.3217
9.02407 382.823 19.552
9.08317 415.944 19.4701
9.14227 363.581 19.3265
9.20138 401.587 19.4813
9.26048 351.918 19.4055
9.31958 388.392 19.6474
9.37869 392.907 19.7911
9.43779 393.163 19.5683
9.4969 388.444 19.7628
9.556 353.683 19.6638
9.61511 366.375 19.8499
9.67421 381.417 19.7412
9.73331 389.304 19.8775
9.79242 376.444 19.8772
9.85152 372.71 19.8519
9.91063 330.698 19.7598
9.96974 382.142 19.8502
10.0288 394 19.9642
10.0879 361.364 19.7525
10.1471 363.499 19.6997
10.2062 386.524 19.8545
10.2653 385.075 19.9659
10.3244 390.013 19.9117
10.3835 409.172 20.0137
10.4426 377.173 19.9803
10.5017 365.07 19.8767
10.5608 374.63 19.8938
10.6199 325.554 19.6978
10.679 390.94 20.0191
10.7381 385.978 20.0778
10.7972 385.049 20.0712
10.8563 357.96 20.1262
10.9154 404.09 20.2014
10.9745 383.017 20.1115
11.0337 385.801 19.9512
11.0928 388.921 20.0841
11.1519 381.462 20.0289
11.211 407.429 20.2195
32.000 400.000 30.000

