0.00 0.0
0.001 0.000218
0.002 0.000436
0.003 0.000654
0.004 0.000872
0.005 0.00109
0.006 0.001308
0.007 0.001526
0.008 0.001744
0.009 0.001962
0.01 0.00218
0.011 0.002624
0.012 0.003068
0.013 0.003512
0.014 0.003956
0.015 0.0044
0.016 0.004844
0.017 0.005288
0.018 0.005732
0.019 0.006176
0.02 0.00662
0.021 0.006955
0.022 0.00729
0.023 0.007625
0.024 0.00796
0.025 0.008295
0.026 0.00863
0.027 0.008965
0.028 0.0093
0.029 0.009635
0.03 0.00997
0.031 0.010111
0.032 0.010252
0.033 0.010393
0.034 0.010534
0.035 0.010675
0.036 0.010816
0.037 0.010957
0.038 0.011098
0.039 0.011239
0.04 0.01138
0.041 0.011368
0.042 0.011356
0.043 0.011344
0.044 0.011332
0.045 0.01132
0.046 0.011308
0.047 0.011296
0.048 0.011284
0.049 0.011272
0.05 0.01126
0.051 0.011151
0.052 0.011042
0.053 0.010933
0.054 0.010824
0.055 0.010715
0.056 0.010606
0.057 0.010497
0.058 0.010388
0.059 0.010279
0.06 0.01017
0.061 0.010034
0.062 0.009898
0.063 0.009762
0.064 0.009626
0.065 0.00949
0.066 0.009354
0.067 0.009218
0.068 0.009082
0.069 0.008946
0.07 0.00881
0.071 0.008671
0.072 0.008532
0.073 0.008393
0.074 0.008254
0.075 0.008115
0.076 0.007976
0.077 0.007837
0.078 0.007698
0.079 0.007559
0.08 0.00742
0.081 0.007302
0.082 0.007184
0.083 0.007066
0.084 0.006948
0.085 0.00683
0.086 0.006712
0.087 0.006594
0.088 0.006476
0.089 0.006358
0.09 0.00624
0.091 0.006139
0.092 0.006038
0.093 0.005937
0.094 0.005836
0.095 0.005735
0.096 0.005634
0.097 0.005533
0.098 0.005432
0.099 0.005331
0.1 0.00523
0.101 0.005134
0.102 0.005038
0.103 0.004942
0.104 0.004846
0.105 0.00475
0.106 0.004654
0.107 0.004558
0.108 0.004462
0.109 0.004366
0.11 0.00427
0.111 0.0042
0.112 0.00413
0.113 0.00406
0.114 0.00399
0.115 0.00392
0.116 0.00385
0.117 0.00378
0.118 0.00371
0.119 0.00364
0.12 0.00357
0.121 0.003514
0.122 0.003458
0.123 0.003402
0.124 0.003346
0.125 0.00329
0.126 0.003234
0.127 0.003178
0.128 0.003122
0.129 0.003066
0.13 0.00301
0.131 0.00295
0.132 0.00289
0.133 0.00283
0.134 0.00277
0.135 0.00271
0.136 0.00265
0.137 0.00259
0.138 0.00253
0.139 0.00247
0.14 0.00241
0.141 0.002363
0.142 0.002316
0.143 0.002269
0.144 0.002222
0.145 0.002175
0.146 0.002128
0.147 0.002081
0.148 0.002034
0.149 0.001987
0.15 0.00194
0.151 0.001908
0.152 0.001876
0.153 0.001844
0.154 0.001812
0.155 0.00178
0.156 0.001748
0.157 0.001716
0.158 0.001684
0.159 0.001652
0.16 0.00162
0.161 0.001596
0.162 0.001572
0.163 0.001548
0.164 0.001524
0.165 0.0015
0.166 0.001476
0.167 0.001452
0.168 0.001428
0.169 0.001404
0.17 0.00138
0.171 0.001358
0.172 0.001336
0.173 0.001314
0.174 0.001292
0.175 0.00127
0.176 0.001248
0.177 0.001226
0.178 0.001204
0.179 0.001182
0.18 0.00116
0.181 0.00114
0.182 0.00112
0.183 0.0011
0.184 0.00108
0.185 0.00106
0.186 0.00104
0.187 0.00102
0.188 0.001
0.189 0.00098
0.19 0.00096
0.191 0.000944
0.192 0.000928
0.193 0.000912
0.194 0.000896
0.195 0.00088
0.196 0.000864
0.197 0.000848
0.198 0.000832
0.199 0.000816
0.2 0.0008
0.201 0.000791
0.202 0.000782
0.203 0.000773
0.204 0.000764
0.205 0.000755
0.206 0.000746
0.207 0.000737
0.208 0.000728
0.209 0.000719
0.21 0.00071
0.211 0.000703
0.212 0.000696
0.213 0.000689
0.214 0.000682
0.215 0.000675
0.216 0.000668
0.217 0.000661
0.218 0.000654
0.219 0.000647
0.22 0.00064
0.221 0.00063
0.222 0.00062
0.223 0.00061
0.224 0.0006
0.225 0.00059
0.226 0.00058
0.227 0.00057
0.228 0.00056
0.229 0.00055
0.23 0.00054
0.231 0.000532
0.232 0.000524
0.233 0.000516
0.234 0.000508
0.235 0.0005
0.236 0.000492
0.237 0.000484
0.238 0.000476
0.239 0.000468
0.24 0.00046
0.241 0.000458
0.242 0.000456
0.243 0.000454
0.244 0.000452
0.245 0.00045
0.246 0.000448
0.247 0.000446
0.248 0.000444
0.249 0.000442
0.25 0.00044
0.251 0.000433
0.252 0.000426
0.253 0.000419
0.254 0.000412
0.255 0.000405
0.256 0.000398
0.257 0.000391
0.258 0.000384
0.259 0.000377
0.26 0.00037
0.261 0.000365
0.262 0.00036
0.263 0.000355
0.264 0.00035
0.265 0.000345
0.266 0.00034
0.267 0.000335
0.268 0.00033
0.269 0.000325
0.27 0.00032
0.271 0.000317
0.272 0.000314
0.273 0.000311
0.274 0.000308
0.275 0.000305
0.276 0.000302
0.277 0.000299
0.278 0.000296
0.279 0.000293
0.28 0.00029
0.281 0.000288
0.282 0.000286
0.283 0.000284
0.284 0.000282
0.285 0.00028
0.286 0.000278
0.287 0.000276
0.288 0.000274
0.289 0.000272
0.29 0.00027
0.291 0.000267
0.292 0.000264
0.293 0.000261
0.294 0.000258
0.295 0.000255
0.296 0.000252
0.297 0.000249
0.298 0.000246
0.299 0.000243
0.3 0.00024
0.301 0.000237
0.302 0.000234
0.303 0.000231
0.304 0.000228
0.305 0.000225
0.306 0.000222
0.307 0.000219
0.308 0.000216
0.309 0.000213
0.31 0.00021
0.311 0.000208
0.312 0.000206
0.313 0.000204
0.314 0.000202
0.315 0.0002
0.316 0.000198
0.317 0.000196
0.318 0.000194
0.319 0.000192
0.32 0.00019
0.321 0.000187
0.322 0.000184
0.323 0.000181
0.324 0.000178
0.325 0.000175
0.326 0.000172
0.327 0.000169
0.328 0.000166
0.329 0.000163
0.33 0.00016
0.331 0.000158
0.332 0.000156
0.333 0.000154
0.334 0.000152
0.335 0.00015
0.336 0.000148
0.337 0.000146
0.338 0.000144
0.339 0.000142
0.34 0.00014
0.341 0.000139
0.342 0.000138
0.343 0.000137
0.344 0.000136
0.345 0.000135
0.346 0.000134
0.347 0.000133
0.348 0.000132
0.349 0.000131
0.35 0.00013
0.351 0.000129
0.352 0.000128
0.353 0.000127
0.354 0.000126
0.355 0.000125
0.356 0.000124
0.357 0.000123
0.358 0.000122
0.359 0.000121
0.36 0.00012
0.361 0.000118
0.362 0.000116
0.363 0.000114
0.364 0.000112
0.365 0.00011
0.366 0.000108
0.367 0.000106
0.368 0.000104
0.369 0.000102
0.37 0.0001
0.371 0.0001
0.372 0.0001
0.373 0.0001
0.374 0.0001
0.375 0.0001
0.376 0.0001
0.377 0.0001
0.378 0.0001
0.379 0.0001
0.38 0.0001
0.381 9.8e-05
0.382 9.6e-05
0.383 9.4e-05
0.384 9.2e-05
0.385 9e-05
0.386 8.8e-05
0.387 8.6e-05
0.388 8.4e-05
0.389 8.2e-05
0.39 8e-05
0.391 8e-05
0.392 8e-05
0.393 8e-05
0.394 8e-05
0.395 8e-05
0.396 8e-05
0.397 8e-05
0.398 8e-05
0.399 8e-05