   700.000  0.3566E+01
   750.000  0.3623E+01
   800.000  0.3719E+01
   850.000  0.3885E+01
   900.000  0.4081E+01
   950.000  0.4318E+01
  1000.000  0.4610E+01
  1050.000  0.4981E+01
  1100.000  0.5458E+01
  1150.000  0.6062E+01
  1200.000  0.6810E+01
  1250.000  0.7721E+01
  1300.000  0.8768E+01
  1350.000  0.9852E+01
  1400.000  0.1086E+02
  1450.000  0.1175E+02
  1500.000  0.1251E+02
  1550.000  0.1317E+02
  1600.000  0.1375E+02
  1650.000  0.1428E+02
  1700.000  0.1476E+02
  1750.000  0.1520E+02
  1800.000  0.1562E+02
  1850.000  0.1600E+02
  1900.000  0.1636E+02
  1950.000  0.1669E+02
  2000.000  0.1700E+02
  2050.000  0.1729E+02
  2100.000  0.1755E+02
  2150.000  0.1779E+02
  2200.000  0.1801E+02
  2250.000  0.1822E+02
  2300.000  0.1841E+02
  2350.000  0.1859E+02
  2400.000  0.1876E+02
  2450.000  0.1893E+02
  2500.000  0.1910E+02
  2550.000  0.1926E+02
  2600.000  0.1942E+02
  2650.000  0.1959E+02
  2700.000  0.1976E+02
  2750.000  0.1993E+02
  2800.000  0.2011E+02
  2850.000  0.2029E+02
  2900.000  0.2047E+02
  2950.000  0.2065E+02
  3000.000  0.2083E+02
