   700.000  0.3530E+01
   750.000  0.3629E+01
   800.000  0.3761E+01
   850.000  0.3962E+01
   900.000  0.4194E+01
   950.000  0.4466E+01
  1000.000  0.4795E+01
  1050.000  0.5206E+01
  1100.000  0.5726E+01
  1150.000  0.6377E+01
  1200.000  0.7193E+01
  1250.000  0.8233E+01
  1300.000  0.9485E+01
  1350.000  0.1081E+02
  1400.000  0.1207E+02
  1450.000  0.1319E+02
  1500.000  0.1417E+02
  1550.000  0.1505E+02
  1600.000  0.1585E+02
  1650.000  0.1659E+02
  1700.000  0.1730E+02
  1750.000  0.1798E+02
  1800.000  0.1863E+02
  1850.000  0.1926E+02
  1900.000  0.1987E+02
  1950.000  0.2045E+02
  2000.000  0.2102E+02
  2050.000  0.2155E+02
  2100.000  0.2207E+02
  2150.000  0.2255E+02
  2200.000  0.2302E+02
  2250.000  0.2347E+02
  2300.000  0.2390E+02
  2350.000  0.2432E+02
  2400.000  0.2472E+02
  2450.000  0.2512E+02
  2500.000  0.2551E+02
  2550.000  0.2591E+02
  2600.000  0.2630E+02
  2650.000  0.2669E+02
  2700.000  0.2709E+02
  2750.000  0.2749E+02
  2800.000  0.2789E+02
  2850.000  0.2829E+02
  2900.000  0.2869E+02
  2950.000  0.2909E+02
  3000.000  0.2950E+02
