   700.000  0.3804E+01
   750.000  0.3819E+01
   800.000  0.3844E+01
   850.000  0.3873E+01
   900.000  0.3901E+01
   950.000  0.3930E+01
  1000.000  0.3956E+01
  1050.000  0.3975E+01
  1100.000  0.3979E+01
  1150.000  0.3951E+01
  1200.000  0.3871E+01
  1250.000  0.3725E+01
  1300.000  0.3528E+01
  1350.000  0.3314E+01
  1400.000  0.3106E+01
  1450.000  0.2908E+01
  1500.000  0.2719E+01
  1550.000  0.2537E+01
  1600.000  0.2362E+01
  1650.000  0.2193E+01
  1700.000  0.2032E+01
  1750.000  0.1879E+01
  1800.000  0.1734E+01
  1850.000  0.1599E+01
  1900.000  0.1473E+01
  1950.000  0.1357E+01
  2000.000  0.1250E+01
  2050.000  0.1152E+01
  2100.000  0.1062E+01
  2150.000  0.9816E+00
  2200.000  0.9085E+00
  2250.000  0.8426E+00
  2300.000  0.7834E+00
  2350.000  0.7302E+00
  2400.000  0.6824E+00
  2450.000  0.6392E+00
  2500.000  0.6000E+00
  2550.000  0.5641E+00
  2600.000  0.5309E+00
  2650.000  0.4998E+00
  2700.000  0.4705E+00
  2750.000  0.4426E+00
  2800.000  0.4158E+00
  2850.000  0.3901E+00
  2900.000  0.3654E+00
  2950.000  0.3418E+00
  3000.000  0.3194E+00
