   700.000  0.3801E+01
   750.000  0.3809E+01
   800.000  0.3818E+01
   850.000  0.3828E+01
   900.000  0.3833E+01
   950.000  0.3835E+01
  1000.000  0.3831E+01
  1050.000  0.3810E+01
  1100.000  0.3754E+01
  1150.000  0.3635E+01
  1200.000  0.3435E+01
  1250.000  0.3160E+01
  1300.000  0.2851E+01
  1350.000  0.2554E+01
  1400.000  0.2293E+01
  1450.000  0.2071E+01
  1500.000  0.1880E+01
  1550.000  0.1713E+01
  1600.000  0.1564E+01
  1650.000  0.1430E+01
  1700.000  0.1308E+01
  1750.000  0.1196E+01
  1800.000  0.1095E+01
  1850.000  0.1003E+01
  1900.000  0.9201E+00
  1950.000  0.8450E+00
  2000.000  0.7776E+00
  2050.000  0.7174E+00
  2100.000  0.6638E+00
  2150.000  0.6164E+00
  2200.000  0.5746E+00
  2250.000  0.5379E+00
  2300.000  0.5056E+00
  2350.000  0.4773E+00
  2400.000  0.4524E+00
  2450.000  0.4303E+00
  2500.000  0.4104E+00
  2550.000  0.3922E+00
  2600.000  0.3752E+00
  2650.000  0.3590E+00
  2700.000  0.3432E+00
  2750.000  0.3276E+00
  2800.000  0.3120E+00
  2850.000  0.2964E+00
  2900.000  0.2807E+00
  2950.000  0.2650E+00
  3000.000  0.2496E+00
