   700.000  0.3649E+01
   750.000  0.3674E+01
   800.000  0.3742E+01
   850.000  0.3867E+01
   900.000  0.4019E+01
   950.000  0.4205E+01
  1000.000  0.4436E+01
  1050.000  0.4730E+01
  1100.000  0.5117E+01
  1150.000  0.5617E+01
  1200.000  0.6234E+01
  1250.000  0.6946E+01
  1300.000  0.7717E+01
  1350.000  0.8485E+01
  1400.000  0.9183E+01
  1450.000  0.9775E+01
  1500.000  0.1026E+02
  1550.000  0.1065E+02
  1600.000  0.1096E+02
  1650.000  0.1121E+02
  1700.000  0.1142E+02
  1750.000  0.1158E+02
  1800.000  0.1171E+02
  1850.000  0.1181E+02
  1900.000  0.1189E+02
  1950.000  0.1194E+02
  2000.000  0.1197E+02
  2050.000  0.1197E+02
  2100.000  0.1196E+02
  2150.000  0.1194E+02
  2200.000  0.1190E+02
  2250.000  0.1185E+02
  2300.000  0.1179E+02
  2350.000  0.1173E+02
  2400.000  0.1166E+02
  2450.000  0.1159E+02
  2500.000  0.1152E+02
  2550.000  0.1145E+02
  2600.000  0.1139E+02
  2650.000  0.1132E+02
  2700.000  0.1127E+02
  2750.000  0.1121E+02
  2800.000  0.1116E+02
  2850.000  0.1111E+02
  2900.000  0.1107E+02
  2950.000  0.1103E+02
  3000.000  0.1099E+02
