   700.000  0.3800E+01
   750.000  0.3818E+01
   800.000  0.3849E+01
   850.000  0.3885E+01
   900.000  0.3923E+01
   950.000  0.3964E+01
  1000.000  0.4004E+01
  1050.000  0.4042E+01
  1100.000  0.4073E+01
  1150.000  0.4086E+01
  1200.000  0.4060E+01
  1250.000  0.3974E+01
  1300.000  0.3832E+01
  1350.000  0.3664E+01
  1400.000  0.3489E+01
  1450.000  0.3312E+01
  1500.000  0.3133E+01
  1550.000  0.2953E+01
  1600.000  0.2773E+01
  1650.000  0.2596E+01
  1700.000  0.2422E+01
  1750.000  0.2254E+01
  1800.000  0.2094E+01
  1850.000  0.1941E+01
  1900.000  0.1797E+01
  1950.000  0.1663E+01
  2000.000  0.1537E+01
  2050.000  0.1421E+01
  2100.000  0.1314E+01
  2150.000  0.1216E+01
  2200.000  0.1126E+01
  2250.000  0.1044E+01
  2300.000  0.9689E+00
  2350.000  0.9009E+00
  2400.000  0.8391E+00
  2450.000  0.7828E+00
  2500.000  0.7313E+00
  2550.000  0.6840E+00
  2600.000  0.6402E+00
  2650.000  0.5995E+00
  2700.000  0.5612E+00
  2750.000  0.5251E+00
  2800.000  0.4909E+00
  2850.000  0.4583E+00
  2900.000  0.4275E+00
  2950.000  0.3984E+00
  3000.000  0.3711E+00
