   700.000  0.3691E+01
   750.000  0.3710E+01
   800.000  0.3770E+01
   850.000  0.3870E+01
   900.000  0.3993E+01
   950.000  0.4142E+01
  1000.000  0.4324E+01
  1050.000  0.4555E+01
  1100.000  0.4860E+01
  1150.000  0.5261E+01
  1200.000  0.5751E+01
  1250.000  0.6290E+01
  1300.000  0.6838E+01
  1350.000  0.7359E+01
  1400.000  0.7814E+01
  1450.000  0.8178E+01
  1500.000  0.8451E+01
  1550.000  0.8643E+01
  1600.000  0.8769E+01
  1650.000  0.8841E+01
  1700.000  0.8870E+01
  1750.000  0.8864E+01
  1800.000  0.8828E+01
  1850.000  0.8768E+01
  1900.000  0.8686E+01
  1950.000  0.8587E+01
  2000.000  0.8472E+01
  2050.000  0.8344E+01
  2100.000  0.8206E+01
  2150.000  0.8059E+01
  2200.000  0.7905E+01
  2250.000  0.7747E+01
  2300.000  0.7587E+01
  2350.000  0.7426E+01
  2400.000  0.7265E+01
  2450.000  0.7107E+01
  2500.000  0.6953E+01
  2550.000  0.6803E+01
  2600.000  0.6657E+01
  2650.000  0.6516E+01
  2700.000  0.6381E+01
  2750.000  0.6250E+01
  2800.000  0.6124E+01
  2850.000  0.6002E+01
  2900.000  0.5883E+01
  2950.000  0.5768E+01
  3000.000  0.5655E+01
