   700.000  0.3791E+01
   750.000  0.3795E+01
   800.000  0.3794E+01
   850.000  0.3793E+01
   900.000  0.3786E+01
   950.000  0.3774E+01
  1000.000  0.3753E+01
  1050.000  0.3712E+01
  1100.000  0.3624E+01
  1150.000  0.3455E+01
  1200.000  0.3187E+01
  1250.000  0.2842E+01
  1300.000  0.2477E+01
  1350.000  0.2144E+01
  1400.000  0.1866E+01
  1450.000  0.1641E+01
  1500.000  0.1460E+01
  1550.000  0.1311E+01
  1600.000  0.1185E+01
  1650.000  0.1076E+01
  1700.000  0.9813E+00
  1750.000  0.8973E+00
  1800.000  0.8225E+00
  1850.000  0.7557E+00
  1900.000  0.6962E+00
  1950.000  0.6431E+00
  2000.000  0.5958E+00
  2050.000  0.5538E+00
  2100.000  0.5166E+00
  2150.000  0.4837E+00
  2200.000  0.4546E+00
  2250.000  0.4290E+00
  2300.000  0.4065E+00
  2350.000  0.3865E+00
  2400.000  0.3688E+00
  2450.000  0.3529E+00
  2500.000  0.3385E+00
  2550.000  0.3251E+00
  2600.000  0.3124E+00
  2650.000  0.3001E+00
  2700.000  0.2880E+00
  2750.000  0.2758E+00
  2800.000  0.2634E+00
  2850.000  0.2508E+00
  2900.000  0.2380E+00
  2950.000  0.2250E+00
  3000.000  0.2120E+00
