   700.000  0.3678E+01
   750.000  0.3698E+01
   800.000  0.3760E+01
   850.000  0.3868E+01
   900.000  0.4000E+01
   950.000  0.4160E+01
  1000.000  0.4358E+01
  1050.000  0.4609E+01
  1100.000  0.4941E+01
  1150.000  0.5375E+01
  1200.000  0.5907E+01
  1250.000  0.6504E+01
  1300.000  0.7124E+01
  1350.000  0.7725E+01
  1400.000  0.8258E+01
  1450.000  0.8695E+01
  1500.000  0.9034E+01
  1550.000  0.9288E+01
  1600.000  0.9471E+01
  1650.000  0.9598E+01
  1700.000  0.9680E+01
  1750.000  0.9723E+01
  1800.000  0.9735E+01
  1850.000  0.9720E+01
  1900.000  0.9681E+01
  1950.000  0.9622E+01
  2000.000  0.9545E+01
  2050.000  0.9452E+01
  2100.000  0.9346E+01
  2150.000  0.9229E+01
  2200.000  0.9103E+01
  2250.000  0.8970E+01
  2300.000  0.8833E+01
  2350.000  0.8693E+01
  2400.000  0.8552E+01
  2450.000  0.8413E+01
  2500.000  0.8275E+01
  2550.000  0.8142E+01
  2600.000  0.8012E+01
  2650.000  0.7887E+01
  2700.000  0.7766E+01
  2750.000  0.7650E+01
  2800.000  0.7538E+01
  2850.000  0.7430E+01
  2900.000  0.7324E+01
  2950.000  0.7222E+01
  3000.000  0.7123E+01
