   700.000  0.3657E+01
   750.000  0.3680E+01
   800.000  0.3747E+01
   850.000  0.3867E+01
   900.000  0.4014E+01
   950.000  0.4193E+01
  1000.000  0.4415E+01
  1050.000  0.4698E+01
  1100.000  0.5071E+01
  1150.000  0.5555E+01
  1200.000  0.6151E+01
  1250.000  0.6834E+01
  1300.000  0.7567E+01
  1350.000  0.8292E+01
  1400.000  0.8948E+01
  1450.000  0.9500E+01
  1500.000  0.9945E+01
  1550.000  0.1030E+02
  1600.000  0.1058E+02
  1650.000  0.1080E+02
  1700.000  0.1097E+02
  1750.000  0.1110E+02
  1800.000  0.1120E+02
  1850.000  0.1127E+02
  1900.000  0.1131E+02
  1950.000  0.1133E+02
  2000.000  0.1133E+02
  2050.000  0.1130E+02
  2100.000  0.1127E+02
  2150.000  0.1121E+02
  2200.000  0.1115E+02
  2250.000  0.1107E+02
  2300.000  0.1099E+02
  2350.000  0.1090E+02
  2400.000  0.1081E+02
  2450.000  0.1072E+02
  2500.000  0.1063E+02
  2550.000  0.1054E+02
  2600.000  0.1046E+02
  2650.000  0.1037E+02
  2700.000  0.1030E+02
  2750.000  0.1022E+02
  2800.000  0.1015E+02
  2850.000  0.1008E+02
  2900.000  0.1002E+02
  2950.000  0.9957E+01
  3000.000  0.9897E+01
