   700.000  0.3665E+01
   750.000  0.3686E+01
   800.000  0.3751E+01
   850.000  0.3867E+01
   900.000  0.4008E+01
   950.000  0.4181E+01
  1000.000  0.4395E+01
  1050.000  0.4667E+01
  1100.000  0.5026E+01
  1150.000  0.5494E+01
  1200.000  0.6068E+01
  1250.000  0.6723E+01
  1300.000  0.7418E+01
  1350.000  0.8100E+01
  1400.000  0.8715E+01
  1450.000  0.9228E+01
  1500.000  0.9637E+01
  1550.000  0.9956E+01
  1600.000  0.1020E+02
  1650.000  0.1039E+02
  1700.000  0.1053E+02
  1750.000  0.1063E+02
  1800.000  0.1070E+02
  1850.000  0.1074E+02
  1900.000  0.1075E+02
  1950.000  0.1074E+02
  2000.000  0.1071E+02
  2050.000  0.1066E+02
  2100.000  0.1060E+02
  2150.000  0.1052E+02
  2200.000  0.1043E+02
  2250.000  0.1033E+02
  2300.000  0.1023E+02
  2350.000  0.1012E+02
  2400.000  0.1001E+02
  2450.000  0.9902E+01
  2500.000  0.9793E+01
  2550.000  0.9686E+01
  2600.000  0.9583E+01
  2650.000  0.9484E+01
  2700.000  0.9389E+01
  2750.000  0.9298E+01
  2800.000  0.9210E+01
  2850.000  0.9126E+01
  2900.000  0.9045E+01
  2950.000  0.8967E+01
  3000.000  0.8890E+01
