   700.000  0.3787E+01
   750.000  0.3790E+01
   800.000  0.3786E+01
   850.000  0.3783E+01
   900.000  0.3773E+01
   950.000  0.3757E+01
  1000.000  0.3732E+01
  1050.000  0.3685E+01
  1100.000  0.3589E+01
  1150.000  0.3407E+01
  1200.000  0.3120E+01
  1250.000  0.2756E+01
  1300.000  0.2377E+01
  1350.000  0.2035E+01
  1400.000  0.1753E+01
  1450.000  0.1530E+01
  1500.000  0.1352E+01
  1550.000  0.1209E+01
  1600.000  0.1090E+01
  1650.000  0.9889E+00
  1700.000  0.9017E+00
  1750.000  0.8253E+00
  1800.000  0.7579E+00
  1850.000  0.6981E+00
  1900.000  0.6449E+00
  1950.000  0.5977E+00
  2000.000  0.5556E+00
  2050.000  0.5182E+00
  2100.000  0.4850E+00
  2150.000  0.4556E+00
  2200.000  0.4295E+00
  2250.000  0.4063E+00
  2300.000  0.3857E+00
  2350.000  0.3674E+00
  2400.000  0.3510E+00
  2450.000  0.3361E+00
  2500.000  0.3224E+00
  2550.000  0.3097E+00
  2600.000  0.2976E+00
  2650.000  0.2858E+00
  2700.000  0.2741E+00
  2750.000  0.2625E+00
  2800.000  0.2506E+00
  2850.000  0.2386E+00
  2900.000  0.2263E+00
  2950.000  0.2139E+00
  3000.000  0.2014E+00
