   700.000  0.3785E+01
   750.000  0.3787E+01
   800.000  0.3783E+01
   850.000  0.3778E+01
   900.000  0.3767E+01
   950.000  0.3749E+01
  1000.000  0.3723E+01
  1050.000  0.3674E+01
  1100.000  0.3573E+01
  1150.000  0.3385E+01
  1200.000  0.3090E+01
  1250.000  0.2717E+01
  1300.000  0.2331E+01
  1350.000  0.1985E+01
  1400.000  0.1702E+01
  1450.000  0.1479E+01
  1500.000  0.1303E+01
  1550.000  0.1163E+01
  1600.000  0.1047E+01
  1650.000  0.9500E+00
  1700.000  0.8664E+00
  1750.000  0.7936E+00
  1800.000  0.7296E+00
  1850.000  0.6730E+00
  1900.000  0.6228E+00
  1950.000  0.5782E+00
  2000.000  0.5385E+00
  2050.000  0.5032E+00
  2100.000  0.4718E+00
  2150.000  0.4439E+00
  2200.000  0.4190E+00
  2250.000  0.3969E+00
  2300.000  0.3771E+00
  2350.000  0.3594E+00
  2400.000  0.3435E+00
  2450.000  0.3290E+00
  2500.000  0.3156E+00
  2550.000  0.3030E+00
  2600.000  0.2911E+00
  2650.000  0.2795E+00
  2700.000  0.2680E+00
  2750.000  0.2565E+00
  2800.000  0.2448E+00
  2850.000  0.2330E+00
  2900.000  0.2210E+00
  2950.000  0.2088E+00
  3000.000  0.1966E+00
