   700.000  0.3768E+01
   750.000  0.3765E+01
   800.000  0.3752E+01
   850.000  0.3740E+01
   900.000  0.3719E+01
   950.000  0.3692E+01
  1000.000  0.3653E+01
  1050.000  0.3586E+01
  1100.000  0.3456E+01
  1150.000  0.3219E+01
  1200.000  0.2857E+01
  1250.000  0.2416E+01
  1300.000  0.1978E+01
  1350.000  0.1603E+01
  1400.000  0.1310E+01
  1450.000  0.1094E+01
  1500.000  0.9359E+00
  1550.000  0.8202E+00
  1600.000  0.7335E+00
  1650.000  0.6665E+00
  1700.000  0.6132E+00
  1750.000  0.5697E+00
  1800.000  0.5333E+00
  1850.000  0.5021E+00
  1900.000  0.4750E+00
  1950.000  0.4510E+00
  2000.000  0.4293E+00
  2050.000  0.4095E+00
  2100.000  0.3911E+00
  2150.000  0.3737E+00
  2200.000  0.3571E+00
  2250.000  0.3412E+00
  2300.000  0.3259E+00
  2350.000  0.3110E+00
  2400.000  0.2965E+00
  2450.000  0.2825E+00
  2500.000  0.2689E+00
  2550.000  0.2558E+00
  2600.000  0.2431E+00
  2650.000  0.2308E+00
  2700.000  0.2190E+00
  2750.000  0.2076E+00
  2800.000  0.1965E+00
  2850.000  0.1858E+00
  2900.000  0.1754E+00
  2950.000  0.1652E+00
  3000.000  0.1553E+00
