   700.000  0.3610E+01
   750.000  0.3648E+01
   800.000  0.3728E+01
   850.000  0.3873E+01
   900.000  0.4049E+01
   950.000  0.4263E+01
  1000.000  0.4529E+01
  1050.000  0.4868E+01
  1100.000  0.5308E+01
  1150.000  0.5872E+01
  1200.000  0.6567E+01
  1250.000  0.7395E+01
  1300.000  0.8323E+01
  1350.000  0.9268E+01
  1400.000  0.1014E+02
  1450.000  0.1090E+02
  1500.000  0.1154E+02
  1550.000  0.1207E+02
  1600.000  0.1254E+02
  1650.000  0.1294E+02
  1700.000  0.1329E+02
  1750.000  0.1361E+02
  1800.000  0.1389E+02
  1850.000  0.1414E+02
  1900.000  0.1436E+02
  1950.000  0.1456E+02
  2000.000  0.1474E+02
  2050.000  0.1489E+02
  2100.000  0.1502E+02
  2150.000  0.1513E+02
  2200.000  0.1522E+02
  2250.000  0.1530E+02
  2300.000  0.1537E+02
  2350.000  0.1543E+02
  2400.000  0.1548E+02
  2450.000  0.1553E+02
  2500.000  0.1558E+02
  2550.000  0.1563E+02
  2600.000  0.1568E+02
  2650.000  0.1573E+02
  2700.000  0.1578E+02
  2750.000  0.1584E+02
  2800.000  0.1590E+02
  2850.000  0.1597E+02
  2900.000  0.1603E+02
  2950.000  0.1610E+02
  3000.000  0.1616E+02
