   700.000  0.3759E+01
   750.000  0.3779E+01
   800.000  0.3829E+01
   850.000  0.3896E+01
   900.000  0.3975E+01
   950.000  0.4066E+01
  1000.000  0.4172E+01
  1050.000  0.4297E+01
  1100.000  0.4456E+01
  1150.000  0.4656E+01
  1200.000  0.4883E+01
  1250.000  0.5089E+01
  1300.000  0.5245E+01
  1350.000  0.5352E+01
  1400.000  0.5411E+01
  1450.000  0.5419E+01
  1500.000  0.5378E+01
  1550.000  0.5295E+01
  1600.000  0.5178E+01
  1650.000  0.5036E+01
  1700.000  0.4875E+01
  1750.000  0.4702E+01
  1800.000  0.4521E+01
  1850.000  0.4335E+01
  1900.000  0.4147E+01
  1950.000  0.3960E+01
  2000.000  0.3773E+01
  2050.000  0.3590E+01
  2100.000  0.3412E+01
  2150.000  0.3238E+01
  2200.000  0.3070E+01
  2250.000  0.2908E+01
  2300.000  0.2754E+01
  2350.000  0.2606E+01
  2400.000  0.2466E+01
  2450.000  0.2333E+01
  2500.000  0.2207E+01
  2550.000  0.2089E+01
  2600.000  0.1977E+01
  2650.000  0.1871E+01
  2700.000  0.1771E+01
  2750.000  0.1676E+01
  2800.000  0.1586E+01
  2850.000  0.1500E+01
  2900.000  0.1419E+01
  2950.000  0.1341E+01
  3000.000  0.1268E+01
