   700.000  0.7214E+02
   750.000  0.5887E+02
   800.000  0.4919E+02
   850.000  0.4182E+02
   900.000  0.3621E+02
   950.000  0.3186E+02
  1000.000  0.2844E+02
  1050.000  0.2576E+02
  1100.000  0.2376E+02
  1150.000  0.2247E+02
  1200.000  0.2196E+02
  1250.000  0.2227E+02
  1300.000  0.2333E+02
  1350.000  0.2483E+02
  1400.000  0.2641E+02
  1450.000  0.2786E+02
  1500.000  0.2912E+02
  1550.000  0.3023E+02
  1600.000  0.3122E+02
  1650.000  0.3213E+02
  1700.000  0.3300E+02
  1750.000  0.3383E+02
  1800.000  0.3465E+02
  1850.000  0.3545E+02
  1900.000  0.3623E+02
  1950.000  0.3699E+02
  2000.000  0.3773E+02
  2050.000  0.3845E+02
  2100.000  0.3915E+02
  2150.000  0.3982E+02
  2200.000  0.4047E+02
  2250.000  0.4110E+02
  2300.000  0.4171E+02
  2350.000  0.4231E+02
  2400.000  0.4290E+02
  2450.000  0.4348E+02
  2500.000  0.4407E+02
  2550.000  0.4465E+02
  2600.000  0.4525E+02
  2650.000  0.4585E+02
  2700.000  0.4646E+02
  2750.000  0.4708E+02
  2800.000  0.4772E+02
  2850.000  0.4836E+02
  2900.000  0.4900E+02
  2950.000  0.4965E+02
  3000.000  0.5031E+02
