   700.000  0.1343E+04
   750.000  0.1087E+04
   800.000  0.8972E+03
   850.000  0.7523E+03
   900.000  0.6401E+03
   950.000  0.5514E+03
  1000.000  0.4803E+03
  1050.000  0.4223E+03
  1100.000  0.3749E+03
  1150.000  0.3364E+03
  1200.000  0.3057E+03
  1250.000  0.2816E+03
  1300.000  0.2629E+03
  1350.000  0.2482E+03
  1400.000  0.2363E+03
  1450.000  0.2260E+03
  1500.000  0.2168E+03
  1550.000  0.2085E+03
  1600.000  0.2009E+03
  1650.000  0.1941E+03
  1700.000  0.1878E+03
  1750.000  0.1822E+03
  1800.000  0.1770E+03
  1850.000  0.1723E+03
  1900.000  0.1680E+03
  1950.000  0.1641E+03
  2000.000  0.1605E+03
  2050.000  0.1572E+03
  2100.000  0.1541E+03
  2150.000  0.1512E+03
  2200.000  0.1486E+03
  2250.000  0.1461E+03
  2300.000  0.1438E+03
  2350.000  0.1416E+03
  2400.000  0.1396E+03
  2450.000  0.1378E+03
  2500.000  0.1361E+03
  2550.000  0.1345E+03
  2600.000  0.1331E+03
  2650.000  0.1318E+03
  2700.000  0.1306E+03
  2750.000  0.1296E+03
  2800.000  0.1287E+03
  2850.000  0.1279E+03
  2900.000  0.1272E+03
  2950.000  0.1266E+03
  3000.000  0.1260E+03
