   700.000  0.3632E+01
   750.000  0.3661E+01
   800.000  0.3735E+01
   850.000  0.3869E+01
   900.000  0.4033E+01
   950.000  0.4232E+01
  1000.000  0.4480E+01
  1050.000  0.4797E+01
  1100.000  0.5211E+01
  1150.000  0.5744E+01
  1200.000  0.6401E+01
  1250.000  0.7171E+01
  1300.000  0.8020E+01
  1350.000  0.8875E+01
  1400.000  0.9660E+01
  1450.000  0.1033E+02
  1500.000  0.1089E+02
  1550.000  0.1135E+02
  1600.000  0.1174E+02
  1650.000  0.1206E+02
  1700.000  0.1234E+02
  1750.000  0.1258E+02
  1800.000  0.1278E+02
  1850.000  0.1295E+02
  1900.000  0.1310E+02
  1950.000  0.1321E+02
  2000.000  0.1331E+02
  2050.000  0.1339E+02
  2100.000  0.1344E+02
  2150.000  0.1348E+02
  2200.000  0.1350E+02
  2250.000  0.1351E+02
  2300.000  0.1351E+02
  2350.000  0.1350E+02
  2400.000  0.1348E+02
  2450.000  0.1347E+02
  2500.000  0.1345E+02
  2550.000  0.1343E+02
  2600.000  0.1342E+02
  2650.000  0.1341E+02
  2700.000  0.1340E+02
  2750.000  0.1340E+02
  2800.000  0.1340E+02
  2850.000  0.1340E+02
  2900.000  0.1340E+02
  2950.000  0.1341E+02
  3000.000  0.1341E+02
