   700.000  0.3796E+01
   750.000  0.3815E+01
   800.000  0.3850E+01
   850.000  0.3891E+01
   900.000  0.3937E+01
   950.000  0.3985E+01
  1000.000  0.4036E+01
  1050.000  0.4087E+01
  1100.000  0.4137E+01
  1150.000  0.4179E+01
  1200.000  0.4192E+01
  1250.000  0.4150E+01
  1300.000  0.4049E+01
  1350.000  0.3915E+01
  1400.000  0.3767E+01
  1450.000  0.3609E+01
  1500.000  0.3442E+01
  1550.000  0.3267E+01
  1600.000  0.3088E+01
  1650.000  0.2907E+01
  1700.000  0.2727E+01
  1750.000  0.2551E+01
  1800.000  0.2381E+01
  1850.000  0.2218E+01
  1900.000  0.2062E+01
  1950.000  0.1915E+01
  2000.000  0.1777E+01
  2050.000  0.1648E+01
  2100.000  0.1528E+01
  2150.000  0.1417E+01
  2200.000  0.1314E+01
  2250.000  0.1220E+01
  2300.000  0.1133E+01
  2350.000  0.1054E+01
  2400.000  0.9810E+00
  2450.000  0.9142E+00
  2500.000  0.8529E+00
  2550.000  0.7963E+00
  2600.000  0.7439E+00
  2650.000  0.6951E+00
  2700.000  0.6494E+00
  2750.000  0.6064E+00
  2800.000  0.5659E+00
  2850.000  0.5275E+00
  2900.000  0.4914E+00
  2950.000  0.4574E+00
  3000.000  0.4257E+00
