   700.000  0.2758E+02
   750.000  0.2296E+02
   800.000  0.1966E+02
   850.000  0.1720E+02
   900.000  0.1539E+02
   950.000  0.1404E+02
  1000.000  0.1306E+02
  1050.000  0.1237E+02
  1100.000  0.1201E+02
  1150.000  0.1201E+02
  1200.000  0.1245E+02
  1250.000  0.1343E+02
  1300.000  0.1492E+02
  1350.000  0.1667E+02
  1400.000  0.1841E+02
  1450.000  0.1998E+02
  1500.000  0.2137E+02
  1550.000  0.2260E+02
  1600.000  0.2371E+02
  1650.000  0.2476E+02
  1700.000  0.2575E+02
  1750.000  0.2671E+02
  1800.000  0.2764E+02
  1850.000  0.2855E+02
  1900.000  0.2944E+02
  1950.000  0.3030E+02
  2000.000  0.3113E+02
  2050.000  0.3194E+02
  2100.000  0.3272E+02
  2150.000  0.3348E+02
  2200.000  0.3420E+02
  2250.000  0.3491E+02
  2300.000  0.3559E+02
  2350.000  0.3625E+02
  2400.000  0.3690E+02
  2450.000  0.3755E+02
  2500.000  0.3818E+02
  2550.000  0.3882E+02
  2600.000  0.3946E+02
  2650.000  0.4010E+02
  2700.000  0.4074E+02
  2750.000  0.4140E+02
  2800.000  0.4205E+02
  2850.000  0.4271E+02
  2900.000  0.4337E+02
  2950.000  0.4404E+02
  3000.000  0.4470E+02
