   700.000  0.3769E+01
   750.000  0.3767E+01
   800.000  0.3754E+01
   850.000  0.3742E+01
   900.000  0.3722E+01
   950.000  0.3695E+01
  1000.000  0.3657E+01
  1050.000  0.3591E+01
  1100.000  0.3463E+01
  1150.000  0.3229E+01
  1200.000  0.2872E+01
  1250.000  0.2435E+01
  1300.000  0.2000E+01
  1350.000  0.1627E+01
  1400.000  0.1335E+01
  1450.000  0.1118E+01
  1500.000  0.9586E+00
  1550.000  0.8412E+00
  1600.000  0.7525E+00
  1650.000  0.6835E+00
  1700.000  0.6282E+00
  1750.000  0.5828E+00
  1800.000  0.5446E+00
  1850.000  0.5118E+00
  1900.000  0.4832E+00
  1950.000  0.4579E+00
  2000.000  0.4352E+00
  2050.000  0.4144E+00
  2100.000  0.3952E+00
  2150.000  0.3773E+00
  2200.000  0.3603E+00
  2250.000  0.3441E+00
  2300.000  0.3286E+00
  2350.000  0.3137E+00
  2400.000  0.2993E+00
  2450.000  0.2854E+00
  2500.000  0.2719E+00
  2550.000  0.2590E+00
  2600.000  0.2464E+00
  2650.000  0.2343E+00
  2700.000  0.2226E+00
  2750.000  0.2112E+00
  2800.000  0.2002E+00
  2850.000  0.1894E+00
  2900.000  0.1789E+00
  2950.000  0.1686E+00
  3000.000  0.1585E+00
