   700.000  0.3781E+01
   750.000  0.3801E+01
   800.000  0.3845E+01
   850.000  0.3899E+01
   900.000  0.3961E+01
   950.000  0.4031E+01
  1000.000  0.4108E+01
  1050.000  0.4196E+01
  1100.000  0.4298E+01
  1150.000  0.4417E+01
  1200.000  0.4534E+01
  1250.000  0.4610E+01
  1300.000  0.4628E+01
  1350.000  0.4601E+01
  1400.000  0.4541E+01
  1450.000  0.4451E+01
  1500.000  0.4331E+01
  1550.000  0.4186E+01
  1600.000  0.4024E+01
  1650.000  0.3848E+01
  1700.000  0.3666E+01
  1750.000  0.3480E+01
  1800.000  0.3294E+01
  1850.000  0.3111E+01
  1900.000  0.2931E+01
  1950.000  0.2757E+01
  2000.000  0.2590E+01
  2050.000  0.2429E+01
  2100.000  0.2276E+01
  2150.000  0.2132E+01
  2200.000  0.1995E+01
  2250.000  0.1866E+01
  2300.000  0.1746E+01
  2350.000  0.1633E+01
  2400.000  0.1528E+01
  2450.000  0.1430E+01
  2500.000  0.1338E+01
  2550.000  0.1253E+01
  2600.000  0.1174E+01
  2650.000  0.1099E+01
  2700.000  0.1030E+01
  2750.000  0.9640E+00
  2800.000  0.9023E+00
  2850.000  0.8441E+00
  2900.000  0.7892E+00
  2950.000  0.7377E+00
  3000.000  0.6896E+00
