   700.000  0.3768E+01
   750.000  0.3766E+01
   800.000  0.3753E+01
   850.000  0.3740E+01
   900.000  0.3719E+01
   950.000  0.3692E+01
  1000.000  0.3653E+01
  1050.000  0.3586E+01
  1100.000  0.3457E+01
  1150.000  0.3220E+01
  1200.000  0.2858E+01
  1250.000  0.2418E+01
  1300.000  0.1979E+01
  1350.000  0.1604E+01
  1400.000  0.1312E+01
  1450.000  0.1095E+01
  1500.000  0.9374E+00
  1550.000  0.8215E+00
  1600.000  0.7347E+00
  1650.000  0.6676E+00
  1700.000  0.6142E+00
  1750.000  0.5705E+00
  1800.000  0.5340E+00
  1850.000  0.5027E+00
  1900.000  0.4755E+00
  1950.000  0.4514E+00
  2000.000  0.4297E+00
  2050.000  0.4098E+00
  2100.000  0.3913E+00
  2150.000  0.3739E+00
  2200.000  0.3573E+00
  2250.000  0.3414E+00
  2300.000  0.3260E+00
  2350.000  0.3111E+00
  2400.000  0.2967E+00
  2450.000  0.2827E+00
  2500.000  0.2691E+00
  2550.000  0.2560E+00
  2600.000  0.2433E+00
  2650.000  0.2310E+00
  2700.000  0.2192E+00
  2750.000  0.2078E+00
  2800.000  0.1968E+00
  2850.000  0.1860E+00
  2900.000  0.1756E+00
  2950.000  0.1655E+00
  3000.000  0.1555E+00
