   700.000  0.3754E+01
   750.000  0.3774E+01
   800.000  0.3824E+01
   850.000  0.3894E+01
   900.000  0.3976E+01
   950.000  0.4072E+01
  1000.000  0.4183E+01
  1050.000  0.4317E+01
  1100.000  0.4487E+01
  1150.000  0.4704E+01
  1200.000  0.4953E+01
  1250.000  0.5186E+01
  1300.000  0.5371E+01
  1350.000  0.5508E+01
  1400.000  0.5595E+01
  1450.000  0.5627E+01
  1500.000  0.5605E+01
  1550.000  0.5538E+01
  1600.000  0.5434E+01
  1650.000  0.5302E+01
  1700.000  0.5150E+01
  1750.000  0.4983E+01
  1800.000  0.4806E+01
  1850.000  0.4623E+01
  1900.000  0.4436E+01
  1950.000  0.4248E+01
  2000.000  0.4060E+01
  2050.000  0.3875E+01
  2100.000  0.3693E+01
  2150.000  0.3515E+01
  2200.000  0.3342E+01
  2250.000  0.3175E+01
  2300.000  0.3014E+01
  2350.000  0.2860E+01
  2400.000  0.2713E+01
  2450.000  0.2574E+01
  2500.000  0.2442E+01
  2550.000  0.2316E+01
  2600.000  0.2198E+01
  2650.000  0.2085E+01
  2700.000  0.1979E+01
  2750.000  0.1877E+01
  2800.000  0.1781E+01
  2850.000  0.1690E+01
  2900.000  0.1602E+01
  2950.000  0.1519E+01
  3000.000  0.1440E+01
