   700.000  0.3777E+01
   750.000  0.3798E+01
   800.000  0.3842E+01
   850.000  0.3899E+01
   900.000  0.3965E+01
   950.000  0.4039E+01
  1000.000  0.4122E+01
  1050.000  0.4216E+01
  1100.000  0.4330E+01
  1150.000  0.4465E+01
  1200.000  0.4603E+01
  1250.000  0.4705E+01
  1300.000  0.4749E+01
  1350.000  0.4747E+01
  1400.000  0.4708E+01
  1450.000  0.4635E+01
  1500.000  0.4528E+01
  1550.000  0.4393E+01
  1600.000  0.4237E+01
  1650.000  0.4066E+01
  1700.000  0.3886E+01
  1750.000  0.3700E+01
  1800.000  0.3513E+01
  1850.000  0.3327E+01
  1900.000  0.3145E+01
  1950.000  0.2966E+01
  2000.000  0.2794E+01
  2050.000  0.2628E+01
  2100.000  0.2469E+01
  2150.000  0.2318E+01
  2200.000  0.2174E+01
  2250.000  0.2039E+01
  2300.000  0.1911E+01
  2350.000  0.1791E+01
  2400.000  0.1679E+01
  2450.000  0.1574E+01
  2500.000  0.1476E+01
  2550.000  0.1385E+01
  2600.000  0.1299E+01
  2650.000  0.1218E+01
  2700.000  0.1143E+01
  2750.000  0.1072E+01
  2800.000  0.1005E+01
  2850.000  0.9420E+00
  2900.000  0.8824E+00
  2950.000  0.8264E+00
  3000.000  0.7739E+00
