   700.000  0.3800E+01
   750.000  0.3807E+01
   800.000  0.3814E+01
   850.000  0.3822E+01
   900.000  0.3825E+01
   950.000  0.3824E+01
  1000.000  0.3816E+01
  1050.000  0.3792E+01
  1100.000  0.3730E+01
  1150.000  0.3602E+01
  1200.000  0.3388E+01
  1250.000  0.3100E+01
  1300.000  0.2780E+01
  1350.000  0.2477E+01
  1400.000  0.2212E+01
  1450.000  0.1989E+01
  1500.000  0.1799E+01
  1550.000  0.1635E+01
  1600.000  0.1490E+01
  1650.000  0.1360E+01
  1700.000  0.1243E+01
  1750.000  0.1137E+01
  1800.000  0.1040E+01
  1850.000  0.9529E+00
  1900.000  0.8741E+00
  1950.000  0.8032E+00
  2000.000  0.7396E+00
  2050.000  0.6830E+00
  2100.000  0.6327E+00
  2150.000  0.5882E+00
  2200.000  0.5490E+00
  2250.000  0.5146E+00
  2300.000  0.4845E+00
  2350.000  0.4580E+00
  2400.000  0.4348E+00
  2450.000  0.4141E+00
  2500.000  0.3955E+00
  2550.000  0.3785E+00
  2600.000  0.3626E+00
  2650.000  0.3473E+00
  2700.000  0.3324E+00
  2750.000  0.3177E+00
  2800.000  0.3028E+00
  2850.000  0.2879E+00
  2900.000  0.2728E+00
  2950.000  0.2578E+00
  3000.000  0.2428E+00
