   700.000  0.3727E+01
   750.000  0.3746E+01
   800.000  0.3800E+01
   850.000  0.3883E+01
   900.000  0.3982E+01
   950.000  0.4100E+01
  1000.000  0.4242E+01
  1050.000  0.4418E+01
  1100.000  0.4647E+01
  1150.000  0.4947E+01
  1200.000  0.5306E+01
  1250.000  0.5677E+01
  1300.000  0.6019E+01
  1350.000  0.6318E+01
  1400.000  0.6558E+01
  1450.000  0.6726E+01
  1500.000  0.6822E+01
  1550.000  0.6855E+01
  1600.000  0.6836E+01
  1650.000  0.6776E+01
  1700.000  0.6685E+01
  1750.000  0.6569E+01
  1800.000  0.6433E+01
  1850.000  0.6282E+01
  1900.000  0.6120E+01
  1950.000  0.5948E+01
  2000.000  0.5770E+01
  2050.000  0.5588E+01
  2100.000  0.5403E+01
  2150.000  0.5218E+01
  2200.000  0.5033E+01
  2250.000  0.4849E+01
  2300.000  0.4669E+01
  2350.000  0.4493E+01
  2400.000  0.4322E+01
  2450.000  0.4157E+01
  2500.000  0.3998E+01
  2550.000  0.3845E+01
  2600.000  0.3698E+01
  2650.000  0.3558E+01
  2700.000  0.3424E+01
  2750.000  0.3295E+01
  2800.000  0.3171E+01
  2850.000  0.3053E+01
  2900.000  0.2938E+01
  2950.000  0.2828E+01
  3000.000  0.2721E+01
