   700.000  0.3805E+01
   750.000  0.3819E+01
   800.000  0.3840E+01
   850.000  0.3863E+01
   900.000  0.3885E+01
   950.000  0.3906E+01
  1000.000  0.3924E+01
  1050.000  0.3932E+01
  1100.000  0.3918E+01
  1150.000  0.3865E+01
  1200.000  0.3752E+01
  1250.000  0.3569E+01
  1300.000  0.3339E+01
  1350.000  0.3100E+01
  1400.000  0.2875E+01
  1450.000  0.2667E+01
  1500.000  0.2475E+01
  1550.000  0.2295E+01
  1600.000  0.2124E+01
  1650.000  0.1963E+01
  1700.000  0.1811E+01
  1750.000  0.1669E+01
  1800.000  0.1536E+01
  1850.000  0.1412E+01
  1900.000  0.1298E+01
  1950.000  0.1193E+01
  2000.000  0.1097E+01
  2050.000  0.1010E+01
  2100.000  0.9318E+00
  2150.000  0.8611E+00
  2200.000  0.7977E+00
  2250.000  0.7410E+00
  2300.000  0.6905E+00
  2350.000  0.6454E+00
  2400.000  0.6051E+00
  2450.000  0.5690E+00
  2500.000  0.5363E+00
  2550.000  0.5064E+00
  2600.000  0.4788E+00
  2650.000  0.4528E+00
  2700.000  0.4282E+00
  2750.000  0.4045E+00
  2800.000  0.3815E+00
  2850.000  0.3592E+00
  2900.000  0.3376E+00
  2950.000  0.3167E+00
  3000.000  0.2968E+00
