   700.000  0.3793E+01
   750.000  0.3797E+01
   800.000  0.3798E+01
   850.000  0.3799E+01
   900.000  0.3793E+01
   950.000  0.3783E+01
  1000.000  0.3765E+01
  1050.000  0.3726E+01
  1100.000  0.3643E+01
  1150.000  0.3482E+01
  1200.000  0.3223E+01
  1250.000  0.2889E+01
  1300.000  0.2531E+01
  1350.000  0.2204E+01
  1400.000  0.1928E+01
  1450.000  0.1703E+01
  1500.000  0.1520E+01
  1550.000  0.1367E+01
  1600.000  0.1238E+01
  1650.000  0.1125E+01
  1700.000  0.1026E+01
  1750.000  0.9379E+00
  1800.000  0.8591E+00
  1850.000  0.7887E+00
  1900.000  0.7256E+00
  1950.000  0.6694E+00
  2000.000  0.6192E+00
  2050.000  0.5747E+00
  2100.000  0.5352E+00
  2150.000  0.5003E+00
  2200.000  0.4696E+00
  2250.000  0.4426E+00
  2300.000  0.4188E+00
  2350.000  0.3979E+00
  2400.000  0.3794E+00
  2450.000  0.3628E+00
  2500.000  0.3478E+00
  2550.000  0.3340E+00
  2600.000  0.3209E+00
  2650.000  0.3082E+00
  2700.000  0.2957E+00
  2750.000  0.2832E+00
  2800.000  0.2705E+00
  2850.000  0.2575E+00
  2900.000  0.2444E+00
  2950.000  0.2310E+00
  3000.000  0.2177E+00
