   700.000  0.3597E+01
   750.000  0.3640E+01
   800.000  0.3724E+01
   850.000  0.3876E+01
   900.000  0.4059E+01
   950.000  0.4280E+01
  1000.000  0.4555E+01
  1050.000  0.4905E+01
  1100.000  0.5358E+01
  1150.000  0.5936E+01
  1200.000  0.6650E+01
  1250.000  0.7505E+01
  1300.000  0.8473E+01
  1350.000  0.9464E+01
  1400.000  0.1038E+02
  1450.000  0.1118E+02
  1500.000  0.1186E+02
  1550.000  0.1244E+02
  1600.000  0.1294E+02
  1650.000  0.1338E+02
  1700.000  0.1378E+02
  1750.000  0.1413E+02
  1800.000  0.1446E+02
  1850.000  0.1475E+02
  1900.000  0.1502E+02
  1950.000  0.1526E+02
  2000.000  0.1548E+02
  2050.000  0.1567E+02
  2100.000  0.1584E+02
  2150.000  0.1600E+02
  2200.000  0.1613E+02
  2250.000  0.1625E+02
  2300.000  0.1636E+02
  2350.000  0.1645E+02
  2400.000  0.1654E+02
  2450.000  0.1663E+02
  2500.000  0.1671E+02
  2550.000  0.1680E+02
  2600.000  0.1688E+02
  2650.000  0.1697E+02
  2700.000  0.1706E+02
  2750.000  0.1715E+02
  2800.000  0.1725E+02
  2850.000  0.1735E+02
  2900.000  0.1745E+02
  2950.000  0.1755E+02
  3000.000  0.1765E+02
