   700.000  0.3732E+01
   750.000  0.3752E+01
   800.000  0.3806E+01
   850.000  0.3885E+01
   900.000  0.3981E+01
   950.000  0.4095E+01
  1000.000  0.4230E+01
  1050.000  0.4397E+01
  1100.000  0.4614E+01
  1150.000  0.4898E+01
  1200.000  0.5235E+01
  1250.000  0.5578E+01
  1300.000  0.5888E+01
  1350.000  0.6153E+01
  1400.000  0.6360E+01
  1450.000  0.6498E+01
  1500.000  0.6568E+01
  1550.000  0.6578E+01
  1600.000  0.6540E+01
  1650.000  0.6463E+01
  1700.000  0.6357E+01
  1750.000  0.6228E+01
  1800.000  0.6081E+01
  1850.000  0.5921E+01
  1900.000  0.5751E+01
  1950.000  0.5573E+01
  2000.000  0.5391E+01
  2050.000  0.5206E+01
  2100.000  0.5019E+01
  2150.000  0.4833E+01
  2200.000  0.4648E+01
  2250.000  0.4466E+01
  2300.000  0.4288E+01
  2350.000  0.4114E+01
  2400.000  0.3947E+01
  2450.000  0.3785E+01
  2500.000  0.3630E+01
  2550.000  0.3481E+01
  2600.000  0.3339E+01
  2650.000  0.3203E+01
  2700.000  0.3073E+01
  2750.000  0.2949E+01
  2800.000  0.2830E+01
  2850.000  0.2716E+01
  2900.000  0.2606E+01
  2950.000  0.2501E+01
  3000.000  0.2399E+01
