   700.000  0.3768E+01
   750.000  0.3789E+01
   800.000  0.3836E+01
   850.000  0.3898E+01
   900.000  0.3970E+01
   950.000  0.4053E+01
  1000.000  0.4147E+01
  1050.000  0.4257E+01
  1100.000  0.4393E+01
  1150.000  0.4560E+01
  1200.000  0.4743E+01
  1250.000  0.4896E+01
  1300.000  0.4995E+01
  1350.000  0.5045E+01
  1400.000  0.5053E+01
  1450.000  0.5017E+01
  1500.000  0.4941E+01
  1550.000  0.4829E+01
  1600.000  0.4690E+01
  1650.000  0.4531E+01
  1700.000  0.4358E+01
  1750.000  0.4177E+01
  1800.000  0.3991E+01
  1850.000  0.3803E+01
  1900.000  0.3616E+01
  1950.000  0.3431E+01
  2000.000  0.3250E+01
  2050.000  0.3075E+01
  2100.000  0.2905E+01
  2150.000  0.2741E+01
  2200.000  0.2585E+01
  2250.000  0.2436E+01
  2300.000  0.2294E+01
  2350.000  0.2160E+01
  2400.000  0.2034E+01
  2450.000  0.1915E+01
  2500.000  0.1803E+01
  2550.000  0.1698E+01
  2600.000  0.1599E+01
  2650.000  0.1507E+01
  2700.000  0.1419E+01
  2750.000  0.1336E+01
  2800.000  0.1258E+01
  2850.000  0.1184E+01
  2900.000  0.1114E+01
  2950.000  0.1048E+01
  3000.000  0.9861E+00
