   700.000  0.1304E+02
   750.000  0.1127E+02
   800.000  0.1007E+02
   850.000  0.9222E+01
   900.000  0.8660E+01
   950.000  0.8307E+01
  1000.000  0.8125E+01
  1050.000  0.8108E+01
  1100.000  0.8283E+01
  1150.000  0.8697E+01
  1200.000  0.9421E+01
  1250.000  0.1056E+02
  1300.000  0.1209E+02
  1350.000  0.1382E+02
  1400.000  0.1550E+02
  1450.000  0.1702E+02
  1500.000  0.1836E+02
  1550.000  0.1956E+02
  1600.000  0.2066E+02
  1650.000  0.2169E+02
  1700.000  0.2268E+02
  1750.000  0.2363E+02
  1800.000  0.2456E+02
  1850.000  0.2546E+02
  1900.000  0.2634E+02
  1950.000  0.2720E+02
  2000.000  0.2803E+02
  2050.000  0.2884E+02
  2100.000  0.2961E+02
  2150.000  0.3036E+02
  2200.000  0.3109E+02
  2250.000  0.3179E+02
  2300.000  0.3247E+02
  2350.000  0.3313E+02
  2400.000  0.3377E+02
  2450.000  0.3441E+02
  2500.000  0.3504E+02
  2550.000  0.3567E+02
  2600.000  0.3630E+02
  2650.000  0.3693E+02
  2700.000  0.3756E+02
  2750.000  0.3820E+02
  2800.000  0.3884E+02
  2850.000  0.3948E+02
  2900.000  0.4012E+02
  2950.000  0.4077E+02
  3000.000  0.4141E+02
