   700.000  0.3516E+01
   750.000  0.3602E+01
   800.000  0.3721E+01
   850.000  0.3910E+01
   900.000  0.4129E+01
   950.000  0.4389E+01
  1000.000  0.4706E+01
  1050.000  0.5105E+01
  1100.000  0.5611E+01
  1150.000  0.6248E+01
  1200.000  0.7040E+01
  1250.000  0.8029E+01
  1300.000  0.9197E+01
  1350.000  0.1042E+02
  1400.000  0.1158E+02
  1450.000  0.1260E+02
  1500.000  0.1349E+02
  1550.000  0.1428E+02
  1600.000  0.1499E+02
  1650.000  0.1564E+02
  1700.000  0.1626E+02
  1750.000  0.1684E+02
  1800.000  0.1740E+02
  1850.000  0.1793E+02
  1900.000  0.1844E+02
  1950.000  0.1892E+02
  2000.000  0.1938E+02
  2050.000  0.1981E+02
  2100.000  0.2022E+02
  2150.000  0.2061E+02
  2200.000  0.2098E+02
  2250.000  0.2132E+02
  2300.000  0.2166E+02
  2350.000  0.2198E+02
  2400.000  0.2229E+02
  2450.000  0.2259E+02
  2500.000  0.2289E+02
  2550.000  0.2319E+02
  2600.000  0.2349E+02
  2650.000  0.2379E+02
  2700.000  0.2409E+02
  2750.000  0.2440E+02
  2800.000  0.2470E+02
  2850.000  0.2501E+02
  2900.000  0.2532E+02
  2950.000  0.2564E+02
  3000.000  0.2595E+02
