   700.000  0.3789E+01
   750.000  0.3792E+01
   800.000  0.3790E+01
   850.000  0.3788E+01
   900.000  0.3779E+01
   950.000  0.3765E+01
  1000.000  0.3743E+01
  1050.000  0.3698E+01
  1100.000  0.3606E+01
  1150.000  0.3430E+01
  1200.000  0.3153E+01
  1250.000  0.2798E+01
  1300.000  0.2425E+01
  1350.000  0.2088E+01
  1400.000  0.1808E+01
  1450.000  0.1584E+01
  1500.000  0.1404E+01
  1550.000  0.1258E+01
  1600.000  0.1136E+01
  1650.000  0.1031E+01
  1700.000  0.9400E+00
  1750.000  0.8598E+00
  1800.000  0.7888E+00
  1850.000  0.7256E+00
  1900.000  0.6693E+00
  1950.000  0.6192E+00
  2000.000  0.5747E+00
  2050.000  0.5351E+00
  2100.000  0.4999E+00
  2150.000  0.4688E+00
  2200.000  0.4413E+00
  2250.000  0.4170E+00
  2300.000  0.3955E+00
  2350.000  0.3764E+00
  2400.000  0.3594E+00
  2450.000  0.3440E+00
  2500.000  0.3300E+00
  2550.000  0.3170E+00
  2600.000  0.3046E+00
  2650.000  0.2926E+00
  2700.000  0.2808E+00
  2750.000  0.2689E+00
  2800.000  0.2568E+00
  2850.000  0.2445E+00
  2900.000  0.2320E+00
  2950.000  0.2193E+00
  3000.000  0.2066E+00
