   700.000  0.3769E+01
   750.000  0.3766E+01
   800.000  0.3753E+01
   850.000  0.3741E+01
   900.000  0.3721E+01
   950.000  0.3693E+01
  1000.000  0.3655E+01
  1050.000  0.3589E+01
  1100.000  0.3460E+01
  1150.000  0.3225E+01
  1200.000  0.2865E+01
  1250.000  0.2427E+01
  1300.000  0.1990E+01
  1350.000  0.1616E+01
  1400.000  0.1324E+01
  1450.000  0.1107E+01
  1500.000  0.9487E+00
  1550.000  0.8320E+00
  1600.000  0.7442E+00
  1650.000  0.6761E+00
  1700.000  0.6217E+00
  1750.000  0.5770E+00
  1800.000  0.5396E+00
  1850.000  0.5076E+00
  1900.000  0.4796E+00
  1950.000  0.4549E+00
  2000.000  0.4326E+00
  2050.000  0.4123E+00
  2100.000  0.3934E+00
  2150.000  0.3757E+00
  2200.000  0.3589E+00
  2250.000  0.3428E+00
  2300.000  0.3274E+00
  2350.000  0.3125E+00
  2400.000  0.2981E+00
  2450.000  0.2841E+00
  2500.000  0.2706E+00
  2550.000  0.2576E+00
  2600.000  0.2450E+00
  2650.000  0.2328E+00
  2700.000  0.2210E+00
  2750.000  0.2096E+00
  2800.000  0.1986E+00
  2850.000  0.1879E+00
  2900.000  0.1774E+00
  2950.000  0.1671E+00
  3000.000  0.1571E+00
