   700.000  0.3778E+01
   750.000  0.3778E+01
   800.000  0.3770E+01
   850.000  0.3761E+01
   900.000  0.3745E+01
   950.000  0.3723E+01
  1000.000  0.3691E+01
  1050.000  0.3634E+01
  1100.000  0.3521E+01
  1150.000  0.3311E+01
  1200.000  0.2987E+01
  1250.000  0.2585E+01
  1300.000  0.2177E+01
  1350.000  0.1818E+01
  1400.000  0.1530E+01
  1450.000  0.1309E+01
  1500.000  0.1141E+01
  1550.000  0.1010E+01
  1600.000  0.9069E+00
  1650.000  0.8224E+00
  1700.000  0.7516E+00
  1750.000  0.6913E+00
  1800.000  0.6391E+00
  1850.000  0.5934E+00
  1900.000  0.5533E+00
  1950.000  0.5177E+00
  2000.000  0.4860E+00
  2050.000  0.4576E+00
  2100.000  0.4321E+00
  2150.000  0.4091E+00
  2200.000  0.3882E+00
  2250.000  0.3692E+00
  2300.000  0.3519E+00
  2350.000  0.3359E+00
  2400.000  0.3211E+00
  2450.000  0.3074E+00
  2500.000  0.2944E+00
  2550.000  0.2821E+00
  2600.000  0.2703E+00
  2650.000  0.2588E+00
  2700.000  0.2475E+00
  2750.000  0.2363E+00
  2800.000  0.2252E+00
  2850.000  0.2139E+00
  2900.000  0.2026E+00
  2950.000  0.1913E+00
  3000.000  0.1799E+00
