   700.000  0.2474E+03
   750.000  0.2004E+03
   800.000  0.1658E+03
   850.000  0.1393E+03
   900.000  0.1189E+03
   950.000  0.1029E+03
  1000.000  0.9000E+02
  1050.000  0.7960E+02
  1100.000  0.7127E+02
  1150.000  0.6488E+02
  1200.000  0.6035E+02
  1250.000  0.5756E+02
  1300.000  0.5627E+02
  1350.000  0.5597E+02
  1400.000  0.5612E+02
  1450.000  0.5634E+02
  1500.000  0.5650E+02
  1550.000  0.5658E+02
  1600.000  0.5662E+02
  1650.000  0.5665E+02
  1700.000  0.5670E+02
  1750.000  0.5677E+02
  1800.000  0.5688E+02
  1850.000  0.5701E+02
  1900.000  0.5718E+02
  1950.000  0.5736E+02
  2000.000  0.5757E+02
  2050.000  0.5778E+02
  2100.000  0.5800E+02
  2150.000  0.5822E+02
  2200.000  0.5844E+02
  2250.000  0.5867E+02
  2300.000  0.5890E+02
  2350.000  0.5914E+02
  2400.000  0.5939E+02
  2450.000  0.5966E+02
  2500.000  0.5994E+02
  2550.000  0.6025E+02
  2600.000  0.6058E+02
  2650.000  0.6094E+02
  2700.000  0.6133E+02
  2750.000  0.6174E+02
  2800.000  0.6218E+02
  2850.000  0.6265E+02
  2900.000  0.6314E+02
  2950.000  0.6364E+02
  3000.000  0.6416E+02
