   700.000  0.3775E+01
   750.000  0.3774E+01
   800.000  0.3764E+01
   850.000  0.3755E+01
   900.000  0.3737E+01
   950.000  0.3713E+01
  1000.000  0.3679E+01
  1050.000  0.3619E+01
  1100.000  0.3501E+01
  1150.000  0.3283E+01
  1200.000  0.2947E+01
  1250.000  0.2534E+01
  1300.000  0.2116E+01
  1350.000  0.1752E+01
  1400.000  0.1463E+01
  1450.000  0.1243E+01
  1500.000  0.1078E+01
  1550.000  0.9519E+00
  1600.000  0.8533E+00
  1650.000  0.7740E+00
  1700.000  0.7084E+00
  1750.000  0.6531E+00
  1800.000  0.6056E+00
  1850.000  0.5644E+00
  1900.000  0.5282E+00
  1950.000  0.4961E+00
  2000.000  0.4675E+00
  2050.000  0.4418E+00
  2100.000  0.4186E+00
  2150.000  0.3974E+00
  2200.000  0.3779E+00
  2250.000  0.3600E+00
  2300.000  0.3434E+00
  2350.000  0.3279E+00
  2400.000  0.3134E+00
  2450.000  0.2997E+00
  2500.000  0.2867E+00
  2550.000  0.2743E+00
  2600.000  0.2624E+00
  2650.000  0.2508E+00
  2700.000  0.2394E+00
  2750.000  0.2282E+00
  2800.000  0.2171E+00
  2850.000  0.2061E+00
  2900.000  0.1950E+00
  2950.000  0.1840E+00
  3000.000  0.1731E+00
