   700.000  0.3803E+01
   750.000  0.3813E+01
   800.000  0.3826E+01
   850.000  0.3840E+01
   900.000  0.3851E+01
   950.000  0.3858E+01
  1000.000  0.3860E+01
  1050.000  0.3848E+01
  1100.000  0.3805E+01
  1150.000  0.3707E+01
  1200.000  0.3533E+01
  1250.000  0.3286E+01
  1300.000  0.3001E+01
  1350.000  0.2720E+01
  1400.000  0.2469E+01
  1450.000  0.2250E+01
  1500.000  0.2057E+01
  1550.000  0.1884E+01
  1600.000  0.1728E+01
  1650.000  0.1584E+01
  1700.000  0.1452E+01
  1750.000  0.1331E+01
  1800.000  0.1220E+01
  1850.000  0.1118E+01
  1900.000  0.1025E+01
  1950.000  0.9410E+00
  2000.000  0.8652E+00
  2050.000  0.7971E+00
  2100.000  0.7363E+00
  2150.000  0.6823E+00
  2200.000  0.6344E+00
  2250.000  0.5922E+00
  2300.000  0.5550E+00
  2350.000  0.5223E+00
  2400.000  0.4934E+00
  2450.000  0.4677E+00
  2500.000  0.4445E+00
  2550.000  0.4233E+00
  2600.000  0.4037E+00
  2650.000  0.3850E+00
  2700.000  0.3670E+00
  2750.000  0.3493E+00
  2800.000  0.3319E+00
  2850.000  0.3145E+00
  2900.000  0.2973E+00
  2950.000  0.2803E+00
  3000.000  0.2637E+00
