   700.000  0.3805E+01
   750.000  0.3819E+01
   800.000  0.3842E+01
   850.000  0.3868E+01
   900.000  0.3893E+01
   950.000  0.3918E+01
  1000.000  0.3940E+01
  1050.000  0.3953E+01
  1100.000  0.3948E+01
  1150.000  0.3907E+01
  1200.000  0.3811E+01
  1250.000  0.3646E+01
  1300.000  0.3432E+01
  1350.000  0.3205E+01
  1400.000  0.2988E+01
  1450.000  0.2785E+01
  1500.000  0.2594E+01
  1550.000  0.2413E+01
  1600.000  0.2240E+01
  1650.000  0.2074E+01
  1700.000  0.1918E+01
  1750.000  0.1770E+01
  1800.000  0.1631E+01
  1850.000  0.1502E+01
  1900.000  0.1382E+01
  1950.000  0.1271E+01
  2000.000  0.1170E+01
  2050.000  0.1078E+01
  2100.000  0.9939E+00
  2150.000  0.9182E+00
  2200.000  0.8501E+00
  2250.000  0.7891E+00
  2300.000  0.7344E+00
  2350.000  0.6854E+00
  2400.000  0.6415E+00
  2450.000  0.6020E+00
  2500.000  0.5663E+00
  2550.000  0.5335E+00
  2600.000  0.5032E+00
  2650.000  0.4749E+00
  2700.000  0.4480E+00
  2750.000  0.4223E+00
  2800.000  0.3975E+00
  2850.000  0.3736E+00
  2900.000  0.3505E+00
  2950.000  0.3284E+00
  3000.000  0.3073E+00
