   700.000  0.2477E+03
   750.000  0.2007E+03
   800.000  0.1660E+03
   850.000  0.1395E+03
   900.000  0.1191E+03
   950.000  0.1030E+03
  1000.000  0.9012E+02
  1050.000  0.7971E+02
  1100.000  0.7137E+02
  1150.000  0.6496E+02
  1200.000  0.6042E+02
  1250.000  0.5763E+02
  1300.000  0.5633E+02
  1350.000  0.5603E+02
  1400.000  0.5617E+02
  1450.000  0.5639E+02
  1500.000  0.5655E+02
  1550.000  0.5663E+02
  1600.000  0.5667E+02
  1650.000  0.5670E+02
  1700.000  0.5674E+02
  1750.000  0.5681E+02
  1800.000  0.5692E+02
  1850.000  0.5705E+02
  1900.000  0.5722E+02
  1950.000  0.5740E+02
  2000.000  0.5760E+02
  2050.000  0.5781E+02
  2100.000  0.5803E+02
  2150.000  0.5825E+02
  2200.000  0.5848E+02
  2250.000  0.5870E+02
  2300.000  0.5893E+02
  2350.000  0.5917E+02
  2400.000  0.5942E+02
  2450.000  0.5968E+02
  2500.000  0.5997E+02
  2550.000  0.6027E+02
  2600.000  0.6061E+02
  2650.000  0.6097E+02
  2700.000  0.6135E+02
  2750.000  0.6177E+02
  2800.000  0.6221E+02
  2850.000  0.6267E+02
  2900.000  0.6316E+02
  2950.000  0.6367E+02
  3000.000  0.6418E+02
