   700.000  0.3764E+01
   750.000  0.3784E+01
   800.000  0.3833E+01
   850.000  0.3897E+01
   900.000  0.3973E+01
   950.000  0.4060E+01
  1000.000  0.4160E+01
  1050.000  0.4278E+01
  1100.000  0.4424E+01
  1150.000  0.4608E+01
  1200.000  0.4813E+01
  1250.000  0.4992E+01
  1300.000  0.5119E+01
  1350.000  0.5197E+01
  1400.000  0.5230E+01
  1450.000  0.5216E+01
  1500.000  0.5157E+01
  1550.000  0.5058E+01
  1600.000  0.4930E+01
  1650.000  0.4778E+01
  1700.000  0.4611E+01
  1750.000  0.4434E+01
  1800.000  0.4249E+01
  1850.000  0.4062E+01
  1900.000  0.3874E+01
  1950.000  0.3687E+01
  2000.000  0.3504E+01
  2050.000  0.3324E+01
  2100.000  0.3149E+01
  2150.000  0.2980E+01
  2200.000  0.2818E+01
  2250.000  0.2662E+01
  2300.000  0.2514E+01
  2350.000  0.2373E+01
  2400.000  0.2240E+01
  2450.000  0.2114E+01
  2500.000  0.1995E+01
  2550.000  0.1883E+01
  2600.000  0.1778E+01
  2650.000  0.1678E+01
  2700.000  0.1585E+01
  2750.000  0.1496E+01
  2800.000  0.1412E+01
  2850.000  0.1332E+01
  2900.000  0.1257E+01
  2950.000  0.1185E+01
  3000.000  0.1118E+01
