   700.000  0.3704E+01
   750.000  0.3722E+01
   800.000  0.3780E+01
   850.000  0.3874E+01
   900.000  0.3988E+01
   950.000  0.4126E+01
  1000.000  0.4294E+01
  1050.000  0.4506E+01
  1100.000  0.4785E+01
  1150.000  0.5152E+01
  1200.000  0.5599E+01
  1250.000  0.6081E+01
  1300.000  0.6559E+01
  1350.000  0.7002E+01
  1400.000  0.7382E+01
  1450.000  0.7678E+01
  1500.000  0.7888E+01
  1550.000  0.8022E+01
  1600.000  0.8095E+01
  1650.000  0.8117E+01
  1700.000  0.8100E+01
  1750.000  0.8051E+01
  1800.000  0.7975E+01
  1850.000  0.7877E+01
  1900.000  0.7762E+01
  1950.000  0.7631E+01
  2000.000  0.7487E+01
  2050.000  0.7334E+01
  2100.000  0.7172E+01
  2150.000  0.7005E+01
  2200.000  0.6833E+01
  2250.000  0.6659E+01
  2300.000  0.6485E+01
  2350.000  0.6311E+01
  2400.000  0.6141E+01
  2450.000  0.5973E+01
  2500.000  0.5810E+01
  2550.000  0.5652E+01
  2600.000  0.5500E+01
  2650.000  0.5353E+01
  2700.000  0.5211E+01
  2750.000  0.5075E+01
  2800.000  0.4943E+01
  2850.000  0.4816E+01
  2900.000  0.4693E+01
  2950.000  0.4573E+01
  3000.000  0.4457E+01
