   700.000  0.3672E+01
   750.000  0.3692E+01
   800.000  0.3755E+01
   850.000  0.3867E+01
   900.000  0.4004E+01
   950.000  0.4170E+01
  1000.000  0.4376E+01
  1050.000  0.4638E+01
  1100.000  0.4983E+01
  1150.000  0.5434E+01
  1200.000  0.5987E+01
  1250.000  0.6613E+01
  1300.000  0.7270E+01
  1350.000  0.7911E+01
  1400.000  0.8485E+01
  1450.000  0.8959E+01
  1500.000  0.9333E+01
  1550.000  0.9619E+01
  1600.000  0.9833E+01
  1650.000  0.9989E+01
  1700.000  0.1010E+02
  1750.000  0.1017E+02
  1800.000  0.1021E+02
  1850.000  0.1022E+02
  1900.000  0.1021E+02
  1950.000  0.1017E+02
  2000.000  0.1012E+02
  2050.000  0.1004E+02
  2100.000  0.9957E+01
  2150.000  0.9859E+01
  2200.000  0.9750E+01
  2250.000  0.9634E+01
  2300.000  0.9512E+01
  2350.000  0.9386E+01
  2400.000  0.9260E+01
  2450.000  0.9133E+01
  2500.000  0.9009E+01
  2550.000  0.8887E+01
  2600.000  0.8769E+01
  2650.000  0.8655E+01
  2700.000  0.8546E+01
  2750.000  0.8441E+01
  2800.000  0.8340E+01
  2850.000  0.8242E+01
  2900.000  0.8148E+01
  2950.000  0.8056E+01
  3000.000  0.7967E+01
