   700.000  0.2256E+05
   750.000  0.1828E+05
   800.000  0.1509E+05
   850.000  0.1267E+05
   900.000  0.1079E+05
   950.000  0.9300E+04
  1000.000  0.8107E+04
  1050.000  0.7138E+04
  1100.000  0.6340E+04
  1150.000  0.5680E+04
  1200.000  0.5130E+04
  1250.000  0.4671E+04
  1300.000  0.4284E+04
  1350.000  0.3955E+04
  1400.000  0.3672E+04
  1450.000  0.3425E+04
  1500.000  0.3207E+04
  1550.000  0.3014E+04
  1600.000  0.2841E+04
  1650.000  0.2685E+04
  1700.000  0.2545E+04
  1750.000  0.2418E+04
  1800.000  0.2303E+04
  1850.000  0.2198E+04
  1900.000  0.2102E+04
  1950.000  0.2014E+04
  2000.000  0.1933E+04
  2050.000  0.1858E+04
  2100.000  0.1789E+04
  2150.000  0.1724E+04
  2200.000  0.1665E+04
  2250.000  0.1609E+04
  2300.000  0.1557E+04
  2350.000  0.1508E+04
  2400.000  0.1462E+04
  2450.000  0.1420E+04
  2500.000  0.1380E+04
  2550.000  0.1342E+04
  2600.000  0.1306E+04
  2650.000  0.1273E+04
  2700.000  0.1242E+04
  2750.000  0.1212E+04
  2800.000  0.1184E+04
  2850.000  0.1158E+04
  2900.000  0.1133E+04
  2950.000  0.1109E+04
  3000.000  0.1087E+04
