   700.000  0.5459E+01
   750.000  0.5413E+01
   800.000  0.5436E+01
   850.000  0.5602E+01
   900.000  0.5823E+01
   950.000  0.6109E+01
  1000.000  0.6475E+01
  1050.000  0.6933E+01
  1100.000  0.7477E+01
  1150.000  0.8089E+01
  1200.000  0.8812E+01
  1250.000  0.9791E+01
  1300.000  0.1107E+02
  1350.000  0.1249E+02
  1400.000  0.1386E+02
  1450.000  0.1510E+02
  1500.000  0.1623E+02
  1550.000  0.1729E+02
  1600.000  0.1830E+02
  1650.000  0.1929E+02
  1700.000  0.2028E+02
  1750.000  0.2127E+02
  1800.000  0.2227E+02
  1850.000  0.2327E+02
  1900.000  0.2426E+02
  1950.000  0.2525E+02
  2000.000  0.2622E+02
  2050.000  0.2718E+02
  2100.000  0.2812E+02
  2150.000  0.2904E+02
  2200.000  0.2994E+02
  2250.000  0.3082E+02
  2300.000  0.3168E+02
  2350.000  0.3252E+02
  2400.000  0.3335E+02
  2450.000  0.3416E+02
  2500.000  0.3497E+02
  2550.000  0.3577E+02
  2600.000  0.3657E+02
  2650.000  0.3736E+02
  2700.000  0.3815E+02
  2750.000  0.3894E+02
  2800.000  0.3973E+02
  2850.000  0.4051E+02
  2900.000  0.4129E+02
  2950.000  0.4206E+02
  3000.000  0.4283E+02
