   700.000  0.3548E+01
   750.000  0.3614E+01
   800.000  0.3717E+01
   850.000  0.3890E+01
   900.000  0.4094E+01
   950.000  0.4339E+01
  1000.000  0.4640E+01
  1050.000  0.5020E+01
  1100.000  0.5508E+01
  1150.000  0.6125E+01
  1200.000  0.6888E+01
  1250.000  0.7826E+01
  1300.000  0.8913E+01
  1350.000  0.1004E+02
  1400.000  0.1110E+02
  1450.000  0.1203E+02
  1500.000  0.1284E+02
  1550.000  0.1354E+02
  1600.000  0.1416E+02
  1650.000  0.1473E+02
  1700.000  0.1525E+02
  1750.000  0.1574E+02
  1800.000  0.1620E+02
  1850.000  0.1664E+02
  1900.000  0.1704E+02
  1950.000  0.1743E+02
  2000.000  0.1778E+02
  2050.000  0.1812E+02
  2100.000  0.1843E+02
  2150.000  0.1872E+02
  2200.000  0.1899E+02
  2250.000  0.1924E+02
  2300.000  0.1948E+02
  2350.000  0.1970E+02
  2400.000  0.1992E+02
  2450.000  0.2013E+02
  2500.000  0.2034E+02
  2550.000  0.2054E+02
  2600.000  0.2075E+02
  2650.000  0.2096E+02
  2700.000  0.2118E+02
  2750.000  0.2139E+02
  2800.000  0.2161E+02
  2850.000  0.2183E+02
  2900.000  0.2205E+02
  2950.000  0.2227E+02
  3000.000  0.2250E+02
