   700.000  0.3768E+01
   750.000  0.3766E+01
   800.000  0.3753E+01
   850.000  0.3741E+01
   900.000  0.3720E+01
   950.000  0.3692E+01
  1000.000  0.3654E+01
  1050.000  0.3587E+01
  1100.000  0.3458E+01
  1150.000  0.3222E+01
  1200.000  0.2861E+01
  1250.000  0.2421E+01
  1300.000  0.1984E+01
  1350.000  0.1609E+01
  1400.000  0.1317E+01
  1450.000  0.1100E+01
  1500.000  0.9416E+00
  1550.000  0.8255E+00
  1600.000  0.7382E+00
  1650.000  0.6708E+00
  1700.000  0.6170E+00
  1750.000  0.5730E+00
  1800.000  0.5361E+00
  1850.000  0.5045E+00
  1900.000  0.4771E+00
  1950.000  0.4527E+00
  2000.000  0.4308E+00
  2050.000  0.4107E+00
  2100.000  0.3921E+00
  2150.000  0.3746E+00
  2200.000  0.3579E+00
  2250.000  0.3419E+00
  2300.000  0.3265E+00
  2350.000  0.3116E+00
  2400.000  0.2972E+00
  2450.000  0.2832E+00
  2500.000  0.2697E+00
  2550.000  0.2566E+00
  2600.000  0.2439E+00
  2650.000  0.2317E+00
  2700.000  0.2199E+00
  2750.000  0.2085E+00
  2800.000  0.1975E+00
  2850.000  0.1867E+00
  2900.000  0.1763E+00
  2950.000  0.1661E+00
  3000.000  0.1562E+00
