   700.000  0.3770E+01
   750.000  0.3768E+01
   800.000  0.3755E+01
   850.000  0.3744E+01
   900.000  0.3724E+01
   950.000  0.3697E+01
  1000.000  0.3659E+01
  1050.000  0.3594E+01
  1100.000  0.3467E+01
  1150.000  0.3235E+01
  1200.000  0.2880E+01
  1250.000  0.2446E+01
  1300.000  0.2013E+01
  1350.000  0.1640E+01
  1400.000  0.1349E+01
  1450.000  0.1131E+01
  1500.000  0.9714E+00
  1550.000  0.8530E+00
  1600.000  0.7632E+00
  1650.000  0.6931E+00
  1700.000  0.6367E+00
  1750.000  0.5902E+00
  1800.000  0.5510E+00
  1850.000  0.5173E+00
  1900.000  0.4879E+00
  1950.000  0.4619E+00
  2000.000  0.4385E+00
  2050.000  0.4172E+00
  2100.000  0.3976E+00
  2150.000  0.3793E+00
  2200.000  0.3621E+00
  2250.000  0.3458E+00
  2300.000  0.3301E+00
  2350.000  0.3152E+00
  2400.000  0.3008E+00
  2450.000  0.2869E+00
  2500.000  0.2736E+00
  2550.000  0.2607E+00
  2600.000  0.2482E+00
  2650.000  0.2362E+00
  2700.000  0.2245E+00
  2750.000  0.2132E+00
  2800.000  0.2022E+00
  2850.000  0.1914E+00
  2900.000  0.1808E+00
  2950.000  0.1704E+00
  3000.000  0.1602E+00
