   700.000  0.3791E+01
   750.000  0.3811E+01
   800.000  0.3849E+01
   850.000  0.3896E+01
   900.000  0.3948E+01
   950.000  0.4005E+01
  1000.000  0.4066E+01
  1050.000  0.4131E+01
  1100.000  0.4201E+01
  1150.000  0.4273E+01
  1200.000  0.4327E+01
  1250.000  0.4330E+01
  1300.000  0.4275E+01
  1350.000  0.4181E+01
  1400.000  0.4064E+01
  1450.000  0.3929E+01
  1500.000  0.3778E+01
  1550.000  0.3612E+01
  1600.000  0.3436E+01
  1650.000  0.3255E+01
  1700.000  0.3071E+01
  1750.000  0.2889E+01
  1800.000  0.2711E+01
  1850.000  0.2538E+01
  1900.000  0.2372E+01
  1950.000  0.2213E+01
  2000.000  0.2063E+01
  2050.000  0.1921E+01
  2100.000  0.1787E+01
  2150.000  0.1663E+01
  2200.000  0.1547E+01
  2250.000  0.1439E+01
  2300.000  0.1339E+01
  2350.000  0.1247E+01
  2400.000  0.1162E+01
  2450.000  0.1084E+01
  2500.000  0.1011E+01
  2550.000  0.9440E+00
  2600.000  0.8816E+00
  2650.000  0.8236E+00
  2700.000  0.7692E+00
  2750.000  0.7181E+00
  2800.000  0.6700E+00
  2850.000  0.6247E+00
  2900.000  0.5821E+00
  2950.000  0.5421E+00
  3000.000  0.5048E+00
