   700.000  0.3784E+01
   750.000  0.3785E+01
   800.000  0.3779E+01
   850.000  0.3773E+01
   900.000  0.3761E+01
   950.000  0.3742E+01
  1000.000  0.3714E+01
  1050.000  0.3662E+01
  1100.000  0.3559E+01
  1150.000  0.3364E+01
  1200.000  0.3061E+01
  1250.000  0.2681E+01
  1300.000  0.2288E+01
  1350.000  0.1939E+01
  1400.000  0.1655E+01
  1450.000  0.1432E+01
  1500.000  0.1258E+01
  1550.000  0.1120E+01
  1600.000  0.1008E+01
  1650.000  0.9139E+00
  1700.000  0.8339E+00
  1750.000  0.7645E+00
  1800.000  0.7037E+00
  1850.000  0.6501E+00
  1900.000  0.6027E+00
  1950.000  0.5605E+00
  2000.000  0.5231E+00
  2050.000  0.4897E+00
  2100.000  0.4600E+00
  2150.000  0.4335E+00
  2200.000  0.4098E+00
  2250.000  0.3886E+00
  2300.000  0.3695E+00
  2350.000  0.3524E+00
  2400.000  0.3368E+00
  2450.000  0.3226E+00
  2500.000  0.3094E+00
  2550.000  0.2970E+00
  2600.000  0.2852E+00
  2650.000  0.2736E+00
  2700.000  0.2623E+00
  2750.000  0.2509E+00
  2800.000  0.2394E+00
  2850.000  0.2278E+00
  2900.000  0.2160E+00
  2950.000  0.2040E+00
  3000.000  0.1920E+00
