   700.000  0.1346E+04
   750.000  0.1089E+04
   800.000  0.8990E+03
   850.000  0.7538E+03
   900.000  0.6413E+03
   950.000  0.5526E+03
  1000.000  0.4812E+03
  1050.000  0.4232E+03
  1100.000  0.3757E+03
  1150.000  0.3371E+03
  1200.000  0.3063E+03
  1250.000  0.2822E+03
  1300.000  0.2634E+03
  1350.000  0.2487E+03
  1400.000  0.2367E+03
  1450.000  0.2264E+03
  1500.000  0.2172E+03
  1550.000  0.2088E+03
  1600.000  0.2013E+03
  1650.000  0.1944E+03
  1700.000  0.1881E+03
  1750.000  0.1825E+03
  1800.000  0.1773E+03
  1850.000  0.1726E+03
  1900.000  0.1683E+03
  1950.000  0.1644E+03
  2000.000  0.1607E+03
  2050.000  0.1574E+03
  2100.000  0.1543E+03
  2150.000  0.1514E+03
  2200.000  0.1488E+03
  2250.000  0.1463E+03
  2300.000  0.1440E+03
  2350.000  0.1418E+03
  2400.000  0.1398E+03
  2450.000  0.1380E+03
  2500.000  0.1362E+03
  2550.000  0.1347E+03
  2600.000  0.1333E+03
  2650.000  0.1320E+03
  2700.000  0.1308E+03
  2750.000  0.1298E+03
  2800.000  0.1289E+03
  2850.000  0.1280E+03
  2900.000  0.1273E+03
  2950.000  0.1267E+03
  3000.000  0.1262E+03
