   700.000  0.3530E+01
   750.000  0.3606E+01
   800.000  0.3717E+01
   850.000  0.3898E+01
   900.000  0.4110E+01
   950.000  0.4362E+01
  1000.000  0.4671E+01
  1050.000  0.5061E+01
  1100.000  0.5559E+01
  1150.000  0.6187E+01
  1200.000  0.6965E+01
  1250.000  0.7928E+01
  1300.000  0.9056E+01
  1350.000  0.1023E+02
  1400.000  0.1134E+02
  1450.000  0.1232E+02
  1500.000  0.1316E+02
  1550.000  0.1391E+02
  1600.000  0.1457E+02
  1650.000  0.1518E+02
  1700.000  0.1575E+02
  1750.000  0.1629E+02
  1800.000  0.1680E+02
  1850.000  0.1728E+02
  1900.000  0.1774E+02
  1950.000  0.1817E+02
  2000.000  0.1857E+02
  2050.000  0.1896E+02
  2100.000  0.1932E+02
  2150.000  0.1966E+02
  2200.000  0.1997E+02
  2250.000  0.2027E+02
  2300.000  0.2056E+02
  2350.000  0.2083E+02
  2400.000  0.2109E+02
  2450.000  0.2135E+02
  2500.000  0.2160E+02
  2550.000  0.2185E+02
  2600.000  0.2211E+02
  2650.000  0.2236E+02
  2700.000  0.2262E+02
  2750.000  0.2288E+02
  2800.000  0.2314E+02
  2850.000  0.2341E+02
  2900.000  0.2367E+02
  2950.000  0.2394E+02
  3000.000  0.2420E+02
