   700.000  0.3802E+01
   750.000  0.3811E+01
   800.000  0.3822E+01
   850.000  0.3834E+01
   900.000  0.3842E+01
   950.000  0.3847E+01
  1000.000  0.3845E+01
  1050.000  0.3829E+01
  1100.000  0.3779E+01
  1150.000  0.3671E+01
  1200.000  0.3483E+01
  1250.000  0.3222E+01
  1300.000  0.2924E+01
  1350.000  0.2635E+01
  1400.000  0.2379E+01
  1450.000  0.2158E+01
  1500.000  0.1966E+01
  1550.000  0.1796E+01
  1600.000  0.1643E+01
  1650.000  0.1504E+01
  1700.000  0.1377E+01
  1750.000  0.1261E+01
  1800.000  0.1155E+01
  1850.000  0.1058E+01
  1900.000  0.9704E+00
  1950.000  0.8909E+00
  2000.000  0.8194E+00
  2050.000  0.7554E+00
  2100.000  0.6983E+00
  2150.000  0.6477E+00
  2200.000  0.6030E+00
  2250.000  0.5637E+00
  2300.000  0.5291E+00
  2350.000  0.4987E+00
  2400.000  0.4719E+00
  2450.000  0.4481E+00
  2500.000  0.4267E+00
  2550.000  0.4071E+00
  2600.000  0.3889E+00
  2650.000  0.3715E+00
  2700.000  0.3547E+00
  2750.000  0.3381E+00
  2800.000  0.3217E+00
  2850.000  0.3052E+00
  2900.000  0.2888E+00
  2950.000  0.2725E+00
  3000.000  0.2565E+00
