   700.000  0.3788E+01
   750.000  0.3808E+01
   800.000  0.3848E+01
   850.000  0.3897E+01
   900.000  0.3953E+01
   950.000  0.4014E+01
  1000.000  0.4080E+01
  1050.000  0.4153E+01
  1100.000  0.4234E+01
  1150.000  0.4321E+01
  1200.000  0.4395E+01
  1250.000  0.4423E+01
  1300.000  0.4391E+01
  1350.000  0.4318E+01
  1400.000  0.4219E+01
  1450.000  0.4098E+01
  1500.000  0.3955E+01
  1550.000  0.3795E+01
  1600.000  0.3623E+01
  1650.000  0.3443E+01
  1700.000  0.3259E+01
  1750.000  0.3075E+01
  1800.000  0.2893E+01
  1850.000  0.2716E+01
  1900.000  0.2545E+01
  1950.000  0.2381E+01
  2000.000  0.2224E+01
  2050.000  0.2076E+01
  2100.000  0.1936E+01
  2150.000  0.1805E+01
  2200.000  0.1682E+01
  2250.000  0.1567E+01
  2300.000  0.1461E+01
  2350.000  0.1362E+01
  2400.000  0.1270E+01
  2450.000  0.1185E+01
  2500.000  0.1107E+01
  2550.000  0.1034E+01
  2600.000  0.9663E+00
  2650.000  0.9031E+00
  2700.000  0.8439E+00
  2750.000  0.7883E+00
  2800.000  0.7360E+00
  2850.000  0.6867E+00
  2900.000  0.6404E+00
  2950.000  0.5969E+00
  3000.000  0.5563E+00
