   700.000  0.2247E+05
   750.000  0.1821E+05
   800.000  0.1503E+05
   850.000  0.1262E+05
   900.000  0.1074E+05
   950.000  0.9263E+04
  1000.000  0.8075E+04
  1050.000  0.7109E+04
  1100.000  0.6315E+04
  1150.000  0.5657E+04
  1200.000  0.5110E+04
  1250.000  0.4652E+04
  1300.000  0.4267E+04
  1350.000  0.3939E+04
  1400.000  0.3658E+04
  1450.000  0.3412E+04
  1500.000  0.3195E+04
  1550.000  0.3002E+04
  1600.000  0.2830E+04
  1650.000  0.2675E+04
  1700.000  0.2535E+04
  1750.000  0.2409E+04
  1800.000  0.2294E+04
  1850.000  0.2190E+04
  1900.000  0.2094E+04
  1950.000  0.2006E+04
  2000.000  0.1926E+04
  2050.000  0.1851E+04
  2100.000  0.1782E+04
  2150.000  0.1718E+04
  2200.000  0.1658E+04
  2250.000  0.1603E+04
  2300.000  0.1551E+04
  2350.000  0.1502E+04
  2400.000  0.1457E+04
  2450.000  0.1414E+04
  2500.000  0.1374E+04
  2550.000  0.1337E+04
  2600.000  0.1302E+04
  2650.000  0.1268E+04
  2700.000  0.1237E+04
  2750.000  0.1208E+04
  2800.000  0.1180E+04
  2850.000  0.1154E+04
  2900.000  0.1129E+04
  2950.000  0.1105E+04
  3000.000  0.1083E+04
