   700.000  0.3685E+01
   750.000  0.3704E+01
   800.000  0.3765E+01
   850.000  0.3869E+01
   900.000  0.3996E+01
   950.000  0.4151E+01
  1000.000  0.4340E+01
  1050.000  0.4582E+01
  1100.000  0.4900E+01
  1150.000  0.5317E+01
  1200.000  0.5828E+01
  1250.000  0.6396E+01
  1300.000  0.6980E+01
  1350.000  0.7540E+01
  1400.000  0.8034E+01
  1450.000  0.8435E+01
  1500.000  0.8740E+01
  1550.000  0.8962E+01
  1600.000  0.9116E+01
  1650.000  0.9215E+01
  1700.000  0.9270E+01
  1750.000  0.9288E+01
  1800.000  0.9275E+01
  1850.000  0.9236E+01
  1900.000  0.9175E+01
  1950.000  0.9094E+01
  2000.000  0.8997E+01
  2050.000  0.8886E+01
  2100.000  0.8762E+01
  2150.000  0.8629E+01
  2200.000  0.8488E+01
  2250.000  0.8341E+01
  2300.000  0.8191E+01
  2350.000  0.8039E+01
  2400.000  0.7888E+01
  2450.000  0.7738E+01
  2500.000  0.7591E+01
  2550.000  0.7447E+01
  2600.000  0.7308E+01
  2650.000  0.7174E+01
  2700.000  0.7045E+01
  2750.000  0.6920E+01
  2800.000  0.6800E+01
  2850.000  0.6683E+01
  2900.000  0.6570E+01
  2950.000  0.6460E+01
  3000.000  0.6353E+01
