   700.000  0.5445E+01
   750.000  0.5396E+01
   800.000  0.5413E+01
   850.000  0.5572E+01
   900.000  0.5784E+01
   950.000  0.6059E+01
  1000.000  0.6411E+01
  1050.000  0.6852E+01
  1100.000  0.7377E+01
  1150.000  0.7969E+01
  1200.000  0.8675E+01
  1250.000  0.9641E+01
  1300.000  0.1091E+02
  1350.000  0.1232E+02
  1400.000  0.1369E+02
  1450.000  0.1493E+02
  1500.000  0.1607E+02
  1550.000  0.1712E+02
  1600.000  0.1813E+02
  1650.000  0.1913E+02
  1700.000  0.2012E+02
  1750.000  0.2111E+02
  1800.000  0.2211E+02
  1850.000  0.2311E+02
  1900.000  0.2411E+02
  1950.000  0.2510E+02
  2000.000  0.2607E+02
  2050.000  0.2704E+02
  2100.000  0.2798E+02
  2150.000  0.2890E+02
  2200.000  0.2980E+02
  2250.000  0.3068E+02
  2300.000  0.3155E+02
  2350.000  0.3239E+02
  2400.000  0.3322E+02
  2450.000  0.3404E+02
  2500.000  0.3485E+02
  2550.000  0.3565E+02
  2600.000  0.3645E+02
  2650.000  0.3725E+02
  2700.000  0.3804E+02
  2750.000  0.3884E+02
  2800.000  0.3962E+02
  2850.000  0.4041E+02
  2900.000  0.4119E+02
  2950.000  0.4197E+02
  3000.000  0.4274E+02
