   700.000  0.3749E+01
   750.000  0.3769E+01
   800.000  0.3820E+01
   850.000  0.3892E+01
   900.000  0.3978E+01
   950.000  0.4078E+01
  1000.000  0.4195E+01
  1050.000  0.4337E+01
  1100.000  0.4519E+01
  1150.000  0.4752E+01
  1200.000  0.5023E+01
  1250.000  0.5283E+01
  1300.000  0.5499E+01
  1350.000  0.5666E+01
  1400.000  0.5781E+01
  1450.000  0.5838E+01
  1500.000  0.5838E+01
  1550.000  0.5788E+01
  1600.000  0.5698E+01
  1650.000  0.5578E+01
  1700.000  0.5435E+01
  1750.000  0.5276E+01
  1800.000  0.5105E+01
  1850.000  0.4925E+01
  1900.000  0.4741E+01
  1950.000  0.4553E+01
  2000.000  0.4365E+01
  2050.000  0.4178E+01
  2100.000  0.3993E+01
  2150.000  0.3812E+01
  2200.000  0.3635E+01
  2250.000  0.3463E+01
  2300.000  0.3297E+01
  2350.000  0.3137E+01
  2400.000  0.2984E+01
  2450.000  0.2838E+01
  2500.000  0.2699E+01
  2550.000  0.2568E+01
  2600.000  0.2443E+01
  2650.000  0.2324E+01
  2700.000  0.2211E+01
  2750.000  0.2103E+01
  2800.000  0.2001E+01
  2850.000  0.1904E+01
  2900.000  0.1811E+01
  2950.000  0.1722E+01
  3000.000  0.1637E+01
