   700.000  0.3804E+01
   750.000  0.3815E+01
   800.000  0.3830E+01
   850.000  0.3846E+01
   900.000  0.3859E+01
   950.000  0.3870E+01
  1000.000  0.3876E+01
  1050.000  0.3868E+01
  1100.000  0.3832E+01
  1150.000  0.3745E+01
  1200.000  0.3585E+01
  1250.000  0.3353E+01
  1300.000  0.3080E+01
  1350.000  0.2809E+01
  1400.000  0.2564E+01
  1450.000  0.2346E+01
  1500.000  0.2153E+01
  1550.000  0.1978E+01
  1600.000  0.1818E+01
  1650.000  0.1670E+01
  1700.000  0.1533E+01
  1750.000  0.1406E+01
  1800.000  0.1290E+01
  1850.000  0.1183E+01
  1900.000  0.1085E+01
  1950.000  0.9959E+00
  2000.000  0.9155E+00
  2050.000  0.8431E+00
  2100.000  0.7783E+00
  2150.000  0.7205E+00
  2200.000  0.6692E+00
  2250.000  0.6239E+00
  2300.000  0.5838E+00
  2350.000  0.5485E+00
  2400.000  0.5171E+00
  2450.000  0.4892E+00
  2500.000  0.4641E+00
  2550.000  0.4411E+00
  2600.000  0.4198E+00
  2650.000  0.3996E+00
  2700.000  0.3803E+00
  2750.000  0.3614E+00
  2800.000  0.3428E+00
  2850.000  0.3244E+00
  2900.000  0.3063E+00
  2950.000  0.2885E+00
  3000.000  0.2711E+00
