   700.000  0.3799E+01
   750.000  0.3817E+01
   800.000  0.3850E+01
   850.000  0.3888E+01
   900.000  0.3930E+01
   950.000  0.3975E+01
  1000.000  0.4020E+01
  1050.000  0.4065E+01
  1100.000  0.4105E+01
  1150.000  0.4132E+01
  1200.000  0.4126E+01
  1250.000  0.4061E+01
  1300.000  0.3939E+01
  1350.000  0.3788E+01
  1400.000  0.3626E+01
  1450.000  0.3458E+01
  1500.000  0.3284E+01
  1550.000  0.3106E+01
  1600.000  0.2926E+01
  1650.000  0.2747E+01
  1700.000  0.2570E+01
  1750.000  0.2398E+01
  1800.000  0.2232E+01
  1850.000  0.2074E+01
  1900.000  0.1925E+01
  1950.000  0.1784E+01
  2000.000  0.1652E+01
  2050.000  0.1529E+01
  2100.000  0.1416E+01
  2150.000  0.1311E+01
  2200.000  0.1215E+01
  2250.000  0.1127E+01
  2300.000  0.1046E+01
  2350.000  0.9728E+00
  2400.000  0.9056E+00
  2450.000  0.8443E+00
  2500.000  0.7880E+00
  2550.000  0.7362E+00
  2600.000  0.6883E+00
  2650.000  0.6437E+00
  2700.000  0.6019E+00
  2750.000  0.5625E+00
  2800.000  0.5252E+00
  2850.000  0.4899E+00
  2900.000  0.4566E+00
  2950.000  0.4252E+00
  3000.000  0.3958E+00
