   700.000  0.3715E+01
   750.000  0.3734E+01
   800.000  0.3790E+01
   850.000  0.3878E+01
   900.000  0.3985E+01
   950.000  0.4113E+01
  1000.000  0.4267E+01
  1050.000  0.4460E+01
  1100.000  0.4714E+01
  1150.000  0.5048E+01
  1200.000  0.5451E+01
  1250.000  0.5877E+01
  1300.000  0.6286E+01
  1350.000  0.6656E+01
  1400.000  0.6964E+01
  1450.000  0.7194E+01
  1500.000  0.7345E+01
  1550.000  0.7426E+01
  1600.000  0.7450E+01
  1650.000  0.7429E+01
  1700.000  0.7372E+01
  1750.000  0.7286E+01
  1800.000  0.7177E+01
  1850.000  0.7050E+01
  1900.000  0.6907E+01
  1950.000  0.6752E+01
  2000.000  0.6588E+01
  2050.000  0.6417E+01
  2100.000  0.6240E+01
  2150.000  0.6060E+01
  2200.000  0.5879E+01
  2250.000  0.5697E+01
  2300.000  0.5517E+01
  2350.000  0.5339E+01
  2400.000  0.5165E+01
  2450.000  0.4996E+01
  2500.000  0.4832E+01
  2550.000  0.4674E+01
  2600.000  0.4521E+01
  2650.000  0.4375E+01
  2700.000  0.4235E+01
  2750.000  0.4099E+01
  2800.000  0.3969E+01
  2850.000  0.3844E+01
  2900.000  0.3722E+01
  2950.000  0.3605E+01
  3000.000  0.3491E+01
