   700.000  0.3782E+01
   750.000  0.3782E+01
   800.000  0.3776E+01
   850.000  0.3769E+01
   900.000  0.3755E+01
   950.000  0.3735E+01
  1000.000  0.3706E+01
  1050.000  0.3652E+01
  1100.000  0.3545E+01
  1150.000  0.3345E+01
  1200.000  0.3035E+01
  1250.000  0.2647E+01
  1300.000  0.2248E+01
  1350.000  0.1896E+01
  1400.000  0.1610E+01
  1450.000  0.1388E+01
  1500.000  0.1216E+01
  1550.000  0.1080E+01
  1600.000  0.9713E+00
  1650.000  0.8808E+00
  1700.000  0.8040E+00
  1750.000  0.7378E+00
  1800.000  0.6801E+00
  1850.000  0.6293E+00
  1900.000  0.5845E+00
  1950.000  0.5447E+00
  2000.000  0.5093E+00
  2050.000  0.4777E+00
  2100.000  0.4495E+00
  2150.000  0.4243E+00
  2200.000  0.4017E+00
  2250.000  0.3813E+00
  2300.000  0.3629E+00
  2350.000  0.3462E+00
  2400.000  0.3310E+00
  2450.000  0.3169E+00
  2500.000  0.3039E+00
  2550.000  0.2916E+00
  2600.000  0.2798E+00
  2650.000  0.2683E+00
  2700.000  0.2570E+00
  2750.000  0.2457E+00
  2800.000  0.2343E+00
  2850.000  0.2228E+00
  2900.000  0.2112E+00
  2950.000  0.1995E+00
  3000.000  0.1877E+00
