   700.000  0.3709E+01
   750.000  0.3728E+01
   800.000  0.3785E+01
   850.000  0.3876E+01
   900.000  0.3986E+01
   950.000  0.4119E+01
  1000.000  0.4280E+01
  1050.000  0.4483E+01
  1100.000  0.4749E+01
  1150.000  0.5100E+01
  1200.000  0.5524E+01
  1250.000  0.5979E+01
  1300.000  0.6422E+01
  1350.000  0.6828E+01
  1400.000  0.7172E+01
  1450.000  0.7434E+01
  1500.000  0.7614E+01
  1550.000  0.7721E+01
  1600.000  0.7769E+01
  1650.000  0.7769E+01
  1700.000  0.7731E+01
  1750.000  0.7663E+01
  1800.000  0.7570E+01
  1850.000  0.7456E+01
  1900.000  0.7326E+01
  1950.000  0.7182E+01
  2000.000  0.7028E+01
  2050.000  0.6864E+01
  2100.000  0.6694E+01
  2150.000  0.6520E+01
  2200.000  0.6342E+01
  2250.000  0.6163E+01
  2300.000  0.5985E+01
  2350.000  0.5809E+01
  2400.000  0.5635E+01
  2450.000  0.5466E+01
  2500.000  0.5302E+01
  2550.000  0.5143E+01
  2600.000  0.4990E+01
  2650.000  0.4843E+01
  2700.000  0.4701E+01
  2750.000  0.4564E+01
  2800.000  0.4433E+01
  2850.000  0.4306E+01
  2900.000  0.4183E+01
  2950.000  0.4063E+01
  3000.000  0.3948E+01
