   700.000  0.4236E+01
   750.000  0.4213E+01
   800.000  0.4268E+01
   850.000  0.4407E+01
   900.000  0.4598E+01
   950.000  0.4840E+01
  1000.000  0.5145E+01
  1050.000  0.5536E+01
  1100.000  0.6041E+01
  1150.000  0.6689E+01
  1200.000  0.7531E+01
  1250.000  0.8649E+01
  1300.000  0.1004E+02
  1350.000  0.1155E+02
  1400.000  0.1299E+02
  1450.000  0.1428E+02
  1500.000  0.1542E+02
  1550.000  0.1644E+02
  1600.000  0.1738E+02
  1650.000  0.1827E+02
  1700.000  0.1912E+02
  1750.000  0.1994E+02
  1800.000  0.2074E+02
  1850.000  0.2152E+02
  1900.000  0.2227E+02
  1950.000  0.2301E+02
  2000.000  0.2372E+02
  2050.000  0.2441E+02
  2100.000  0.2507E+02
  2150.000  0.2571E+02
  2200.000  0.2632E+02
  2250.000  0.2691E+02
  2300.000  0.2748E+02
  2350.000  0.2804E+02
  2400.000  0.2858E+02
  2450.000  0.2911E+02
  2500.000  0.2964E+02
  2550.000  0.3017E+02
  2600.000  0.3070E+02
  2650.000  0.3122E+02
  2700.000  0.3175E+02
  2750.000  0.3228E+02
  2800.000  0.3282E+02
  2850.000  0.3335E+02
  2900.000  0.3389E+02
  2950.000  0.3443E+02
  3000.000  0.3496E+02
