   700.000  0.3794E+01
   750.000  0.3813E+01
   800.000  0.3850E+01
   850.000  0.3894E+01
   900.000  0.3942E+01
   950.000  0.3995E+01
  1000.000  0.4051E+01
  1050.000  0.4109E+01
  1100.000  0.4169E+01
  1150.000  0.4226E+01
  1200.000  0.4259E+01
  1250.000  0.4239E+01
  1300.000  0.4161E+01
  1350.000  0.4046E+01
  1400.000  0.3914E+01
  1450.000  0.3767E+01
  1500.000  0.3607E+01
  1550.000  0.3436E+01
  1600.000  0.3258E+01
  1650.000  0.3076E+01
  1700.000  0.2894E+01
  1750.000  0.2715E+01
  1800.000  0.2541E+01
  1850.000  0.2372E+01
  1900.000  0.2211E+01
  1950.000  0.2058E+01
  2000.000  0.1914E+01
  2050.000  0.1778E+01
  2100.000  0.1652E+01
  2150.000  0.1534E+01
  2200.000  0.1425E+01
  2250.000  0.1324E+01
  2300.000  0.1231E+01
  2350.000  0.1145E+01
  2400.000  0.1066E+01
  2450.000  0.9936E+00
  2500.000  0.9268E+00
  2550.000  0.8652E+00
  2600.000  0.8080E+00
  2650.000  0.7547E+00
  2700.000  0.7048E+00
  2750.000  0.6579E+00
  2800.000  0.6138E+00
  2850.000  0.5721E+00
  2900.000  0.5328E+00
  2950.000  0.4960E+00
  3000.000  0.4617E+00
