   700.000  0.3773E+01
   750.000  0.3793E+01
   800.000  0.3839E+01
   850.000  0.3899E+01
   900.000  0.3968E+01
   950.000  0.4046E+01
  1000.000  0.4135E+01
  1050.000  0.4237E+01
  1100.000  0.4361E+01
  1150.000  0.4513E+01
  1200.000  0.4673E+01
  1250.000  0.4800E+01
  1300.000  0.4871E+01
  1350.000  0.4895E+01
  1400.000  0.4879E+01
  1450.000  0.4824E+01
  1500.000  0.4731E+01
  1550.000  0.4607E+01
  1600.000  0.4459E+01
  1650.000  0.4294E+01
  1700.000  0.4117E+01
  1750.000  0.3933E+01
  1800.000  0.3746E+01
  1850.000  0.3558E+01
  1900.000  0.3373E+01
  1950.000  0.3191E+01
  2000.000  0.3014E+01
  2050.000  0.2843E+01
  2100.000  0.2679E+01
  2150.000  0.2521E+01
  2200.000  0.2371E+01
  2250.000  0.2229E+01
  2300.000  0.2094E+01
  2350.000  0.1967E+01
  2400.000  0.1848E+01
  2450.000  0.1736E+01
  2500.000  0.1631E+01
  2550.000  0.1533E+01
  2600.000  0.1440E+01
  2650.000  0.1354E+01
  2700.000  0.1273E+01
  2750.000  0.1196E+01
  2800.000  0.1123E+01
  2850.000  0.1055E+01
  2900.000  0.9904E+00
  2950.000  0.9295E+00
  3000.000  0.8723E+00
