   700.000  0.3621E+01
   750.000  0.3655E+01
   800.000  0.3731E+01
   850.000  0.3871E+01
   900.000  0.4041E+01
   950.000  0.4247E+01
  1000.000  0.4504E+01
  1050.000  0.4832E+01
  1100.000  0.5259E+01
  1150.000  0.5808E+01
  1200.000  0.6484E+01
  1250.000  0.7283E+01
  1300.000  0.8172E+01
  1350.000  0.9072E+01
  1400.000  0.9901E+01
  1450.000  0.1061E+02
  1500.000  0.1121E+02
  1550.000  0.1171E+02
  1600.000  0.1213E+02
  1650.000  0.1250E+02
  1700.000  0.1281E+02
  1750.000  0.1309E+02
  1800.000  0.1333E+02
  1850.000  0.1354E+02
  1900.000  0.1372E+02
  1950.000  0.1388E+02
  2000.000  0.1401E+02
  2050.000  0.1413E+02
  2100.000  0.1422E+02
  2150.000  0.1429E+02
  2200.000  0.1435E+02
  2250.000  0.1439E+02
  2300.000  0.1442E+02
  2350.000  0.1445E+02
  2400.000  0.1446E+02
  2450.000  0.1448E+02
  2500.000  0.1449E+02
  2550.000  0.1451E+02
  2600.000  0.1452E+02
  2650.000  0.1454E+02
  2700.000  0.1456E+02
  2750.000  0.1459E+02
  2800.000  0.1462E+02
  2850.000  0.1465E+02
  2900.000  0.1468E+02
  2950.000  0.1472E+02
  3000.000  0.1475E+02
