   700.000  0.3582E+01
   750.000  0.3632E+01
   800.000  0.3722E+01
   850.000  0.3880E+01
   900.000  0.4069E+01
   950.000  0.4298E+01
  1000.000  0.4582E+01
  1050.000  0.4942E+01
  1100.000  0.5408E+01
  1150.000  0.5999E+01
  1200.000  0.6731E+01
  1250.000  0.7614E+01
  1300.000  0.8621E+01
  1350.000  0.9658E+01
  1400.000  0.1062E+02
  1450.000  0.1147E+02
  1500.000  0.1218E+02
  1550.000  0.1280E+02
  1600.000  0.1334E+02
  1650.000  0.1383E+02
  1700.000  0.1426E+02
  1750.000  0.1466E+02
  1800.000  0.1503E+02
  1850.000  0.1537E+02
  1900.000  0.1568E+02
  1950.000  0.1597E+02
  2000.000  0.1623E+02
  2050.000  0.1647E+02
  2100.000  0.1669E+02
  2150.000  0.1688E+02
  2200.000  0.1706E+02
  2250.000  0.1722E+02
  2300.000  0.1737E+02
  2350.000  0.1751E+02
  2400.000  0.1764E+02
  2450.000  0.1776E+02
  2500.000  0.1789E+02
  2550.000  0.1801E+02
  2600.000  0.1813E+02
  2650.000  0.1826E+02
  2700.000  0.1839E+02
  2750.000  0.1852E+02
  2800.000  0.1866E+02
  2850.000  0.1879E+02
  2900.000  0.1893E+02
  2950.000  0.1907E+02
  3000.000  0.1921E+02
