   700.000  0.3797E+01
   750.000  0.3802E+01
   800.000  0.3806E+01
   850.000  0.3810E+01
   900.000  0.3809E+01
   950.000  0.3803E+01
  1000.000  0.3790E+01
  1050.000  0.3757E+01
  1100.000  0.3684E+01
  1150.000  0.3539E+01
  1200.000  0.3302E+01
  1250.000  0.2989E+01
  1300.000  0.2650E+01
  1350.000  0.2333E+01
  1400.000  0.2062E+01
  1450.000  0.1838E+01
  1500.000  0.1651E+01
  1550.000  0.1493E+01
  1600.000  0.1355E+01
  1650.000  0.1234E+01
  1700.000  0.1126E+01
  1750.000  0.1029E+01
  1800.000  0.9423E+00
  1850.000  0.8638E+00
  1900.000  0.7932E+00
  1950.000  0.7301E+00
  2000.000  0.6736E+00
  2050.000  0.6234E+00
  2100.000  0.5789E+00
  2150.000  0.5396E+00
  2200.000  0.5050E+00
  2250.000  0.4747E+00
  2300.000  0.4481E+00
  2350.000  0.4248E+00
  2400.000  0.4043E+00
  2450.000  0.3860E+00
  2500.000  0.3695E+00
  2550.000  0.3543E+00
  2600.000  0.3401E+00
  2650.000  0.3263E+00
  2700.000  0.3129E+00
  2750.000  0.2994E+00
  2800.000  0.2858E+00
  2850.000  0.2720E+00
  2900.000  0.2580E+00
  2950.000  0.2439E+00
  3000.000  0.2298E+00
