   700.000  0.3738E+01
   750.000  0.3757E+01
   800.000  0.3811E+01
   850.000  0.3887E+01
   900.000  0.3980E+01
   950.000  0.4089E+01
  1000.000  0.4218E+01
  1050.000  0.4377E+01
  1100.000  0.4582E+01
  1150.000  0.4849E+01
  1200.000  0.5164E+01
  1250.000  0.5479E+01
  1300.000  0.5757E+01
  1350.000  0.5989E+01
  1400.000  0.6164E+01
  1450.000  0.6274E+01
  1500.000  0.6319E+01
  1550.000  0.6308E+01
  1600.000  0.6251E+01
  1650.000  0.6159E+01
  1700.000  0.6039E+01
  1750.000  0.5898E+01
  1800.000  0.5742E+01
  1850.000  0.5574E+01
  1900.000  0.5398E+01
  1950.000  0.5216E+01
  2000.000  0.5030E+01
  2050.000  0.4843E+01
  2100.000  0.4656E+01
  2150.000  0.4470E+01
  2200.000  0.4287E+01
  2250.000  0.4107E+01
  2300.000  0.3932E+01
  2350.000  0.3763E+01
  2400.000  0.3599E+01
  2450.000  0.3442E+01
  2500.000  0.3292E+01
  2550.000  0.3148E+01
  2600.000  0.3011E+01
  2650.000  0.2881E+01
  2700.000  0.2756E+01
  2750.000  0.2637E+01
  2800.000  0.2523E+01
  2850.000  0.2414E+01
  2900.000  0.2309E+01
  2950.000  0.2209E+01
  3000.000  0.2113E+01
