   700.000  0.3793E+01
   750.000  0.3854E+01
   800.000  0.3965E+01
   850.000  0.4149E+01
   900.000  0.4372E+01
   950.000  0.4639E+01
  1000.000  0.4964E+01
  1050.000  0.5373E+01
  1100.000  0.5892E+01
  1150.000  0.6547E+01
  1200.000  0.7383E+01
  1250.000  0.8475E+01
  1300.000  0.9817E+01
  1350.000  0.1126E+02
  1400.000  0.1263E+02
  1450.000  0.1386E+02
  1500.000  0.1494E+02
  1550.000  0.1591E+02
  1600.000  0.1681E+02
  1650.000  0.1764E+02
  1700.000  0.1845E+02
  1750.000  0.1922E+02
  1800.000  0.1997E+02
  1850.000  0.2070E+02
  1900.000  0.2141E+02
  1950.000  0.2210E+02
  2000.000  0.2276E+02
  2050.000  0.2340E+02
  2100.000  0.2401E+02
  2150.000  0.2460E+02
  2200.000  0.2516E+02
  2250.000  0.2571E+02
  2300.000  0.2623E+02
  2350.000  0.2675E+02
  2400.000  0.2724E+02
  2450.000  0.2774E+02
  2500.000  0.2822E+02
  2550.000  0.2870E+02
  2600.000  0.2919E+02
  2650.000  0.2967E+02
  2700.000  0.3016E+02
  2750.000  0.3065E+02
  2800.000  0.3114E+02
  2850.000  0.3163E+02
  2900.000  0.3212E+02
  2950.000  0.3262E+02
  3000.000  0.3311E+02
