   700.000  0.3805E+01
   750.000  0.3818E+01
   800.000  0.3837E+01
   850.000  0.3857E+01
   900.000  0.3876E+01
   950.000  0.3894E+01
  1000.000  0.3907E+01
  1050.000  0.3910E+01
  1100.000  0.3889E+01
  1150.000  0.3824E+01
  1200.000  0.3694E+01
  1250.000  0.3495E+01
  1300.000  0.3250E+01
  1350.000  0.2999E+01
  1400.000  0.2766E+01
  1450.000  0.2555E+01
  1500.000  0.2362E+01
  1550.000  0.2183E+01
  1600.000  0.2016E+01
  1650.000  0.1859E+01
  1700.000  0.1712E+01
  1750.000  0.1575E+01
  1800.000  0.1447E+01
  1850.000  0.1329E+01
  1900.000  0.1221E+01
  1950.000  0.1121E+01
  2000.000  0.1031E+01
  2050.000  0.9492E+00
  2100.000  0.8755E+00
  2150.000  0.8094E+00
  2200.000  0.7503E+00
  2250.000  0.6978E+00
  2300.000  0.6510E+00
  2350.000  0.6095E+00
  2400.000  0.5726E+00
  2450.000  0.5395E+00
  2500.000  0.5096E+00
  2550.000  0.4823E+00
  2600.000  0.4570E+00
  2650.000  0.4332E+00
  2700.000  0.4105E+00
  2750.000  0.3886E+00
  2800.000  0.3673E+00
  2850.000  0.3465E+00
  2900.000  0.3261E+00
  2950.000  0.3064E+00
  3000.000  0.2874E+00
