   700.000  0.3721E+01
   750.000  0.3740E+01
   800.000  0.3795E+01
   850.000  0.3880E+01
   900.000  0.3983E+01
   950.000  0.4106E+01
  1000.000  0.4254E+01
  1050.000  0.4439E+01
  1100.000  0.4680E+01
  1150.000  0.4997E+01
  1200.000  0.5378E+01
  1250.000  0.5776E+01
  1300.000  0.6152E+01
  1350.000  0.6486E+01
  1400.000  0.6760E+01
  1450.000  0.6958E+01
  1500.000  0.7081E+01
  1550.000  0.7137E+01
  1600.000  0.7139E+01
  1650.000  0.7098E+01
  1700.000  0.7023E+01
  1750.000  0.6921E+01
  1800.000  0.6798E+01
  1850.000  0.6658E+01
  1900.000  0.6505E+01
  1950.000  0.6341E+01
  2000.000  0.6169E+01
  2050.000  0.5991E+01
  2100.000  0.5810E+01
  2150.000  0.5626E+01
  2200.000  0.5442E+01
  2250.000  0.5259E+01
  2300.000  0.5078E+01
  2350.000  0.4900E+01
  2400.000  0.4727E+01
  2450.000  0.4559E+01
  2500.000  0.4397E+01
  2550.000  0.4241E+01
  2600.000  0.4091E+01
  2650.000  0.3948E+01
  2700.000  0.3810E+01
  2750.000  0.3677E+01
  2800.000  0.3550E+01
  2850.000  0.3427E+01
  2900.000  0.3309E+01
  2950.000  0.3194E+01
  3000.000  0.3084E+01
