   700.000  0.3802E+01
   750.000  0.3819E+01
   800.000  0.3848E+01
   850.000  0.3881E+01
   900.000  0.3916E+01
   950.000  0.3953E+01
  1000.000  0.3988E+01
  1050.000  0.4020E+01
  1100.000  0.4041E+01
  1150.000  0.4040E+01
  1200.000  0.3996E+01
  1250.000  0.3889E+01
  1300.000  0.3728E+01
  1350.000  0.3543E+01
  1400.000  0.3356E+01
  1450.000  0.3172E+01
  1500.000  0.2989E+01
  1550.000  0.2807E+01
  1600.000  0.2628E+01
  1650.000  0.2453E+01
  1700.000  0.2283E+01
  1750.000  0.2120E+01
  1800.000  0.1965E+01
  1850.000  0.1818E+01
  1900.000  0.1680E+01
  1950.000  0.1552E+01
  2000.000  0.1433E+01
  2050.000  0.1323E+01
  2100.000  0.1222E+01
  2150.000  0.1129E+01
  2200.000  0.1045E+01
  2250.000  0.9690E+00
  2300.000  0.8998E+00
  2350.000  0.8371E+00
  2400.000  0.7803E+00
  2450.000  0.7288E+00
  2500.000  0.6817E+00
  2550.000  0.6385E+00
  2600.000  0.5986E+00
  2650.000  0.5614E+00
  2700.000  0.5264E+00
  2750.000  0.4932E+00
  2800.000  0.4617E+00
  2850.000  0.4317E+00
  2900.000  0.4031E+00
  2950.000  0.3761E+00
  3000.000  0.3506E+00
