   700.000  0.3777E+01
   750.000  0.3776E+01
   800.000  0.3767E+01
   850.000  0.3758E+01
   900.000  0.3741E+01
   950.000  0.3718E+01
  1000.000  0.3685E+01
  1050.000  0.3626E+01
  1100.000  0.3510E+01
  1150.000  0.3296E+01
  1200.000  0.2966E+01
  1250.000  0.2558E+01
  1300.000  0.2145E+01
  1350.000  0.1784E+01
  1400.000  0.1495E+01
  1450.000  0.1275E+01
  1500.000  0.1108E+01
  1550.000  0.9797E+00
  1600.000  0.8788E+00
  1650.000  0.7969E+00
  1700.000  0.7289E+00
  1750.000  0.6712E+00
  1800.000  0.6214E+00
  1850.000  0.5781E+00
  1900.000  0.5400E+00
  1950.000  0.5063E+00
  2000.000  0.4762E+00
  2050.000  0.4492E+00
  2100.000  0.4249E+00
  2150.000  0.4028E+00
  2200.000  0.3827E+00
  2250.000  0.3643E+00
  2300.000  0.3474E+00
  2350.000  0.3317E+00
  2400.000  0.3170E+00
  2450.000  0.3033E+00
  2500.000  0.2904E+00
  2550.000  0.2780E+00
  2600.000  0.2662E+00
  2650.000  0.2546E+00
  2700.000  0.2433E+00
  2750.000  0.2321E+00
  2800.000  0.2210E+00
  2850.000  0.2099E+00
  2900.000  0.1987E+00
  2950.000  0.1875E+00
  3000.000  0.1764E+00
