   700.000  0.3795E+01
   750.000  0.3800E+01
   800.000  0.3802E+01
   850.000  0.3804E+01
   900.000  0.3801E+01
   950.000  0.3793E+01
  1000.000  0.3777E+01
  1050.000  0.3741E+01
  1100.000  0.3663E+01
  1150.000  0.3509E+01
  1200.000  0.3261E+01
  1250.000  0.2938E+01
  1300.000  0.2589E+01
  1350.000  0.2266E+01
  1400.000  0.1993E+01
  1450.000  0.1768E+01
  1500.000  0.1583E+01
  1550.000  0.1428E+01
  1600.000  0.1295E+01
  1650.000  0.1178E+01
  1700.000  0.1074E+01
  1750.000  0.9819E+00
  1800.000  0.8990E+00
  1850.000  0.8246E+00
  1900.000  0.7579E+00
  1950.000  0.6982E+00
  2000.000  0.6451E+00
  2050.000  0.5978E+00
  2100.000  0.5559E+00
  2150.000  0.5189E+00
  2200.000  0.4863E+00
  2250.000  0.4577E+00
  2300.000  0.4327E+00
  2350.000  0.4106E+00
  2400.000  0.3912E+00
  2450.000  0.3738E+00
  2500.000  0.3581E+00
  2550.000  0.3437E+00
  2600.000  0.3301E+00
  2650.000  0.3169E+00
  2700.000  0.3040E+00
  2750.000  0.2910E+00
  2800.000  0.2779E+00
  2850.000  0.2646E+00
  2900.000  0.2510E+00
  2950.000  0.2373E+00
  3000.000  0.2236E+00
