   700.000  0.3774E+01
   750.000  0.3773E+01
   800.000  0.3762E+01
   850.000  0.3752E+01
   900.000  0.3734E+01
   950.000  0.3709E+01
  1000.000  0.3674E+01
  1050.000  0.3612E+01
  1100.000  0.3492E+01
  1150.000  0.3271E+01
  1200.000  0.2930E+01
  1250.000  0.2512E+01
  1300.000  0.2090E+01
  1350.000  0.1724E+01
  1400.000  0.1434E+01
  1450.000  0.1215E+01
  1500.000  0.1051E+01
  1550.000  0.9267E+00
  1600.000  0.8303E+00
  1650.000  0.7533E+00
  1700.000  0.6900E+00
  1750.000  0.6369E+00
  1800.000  0.5915E+00
  1850.000  0.5522E+00
  1900.000  0.5177E+00
  1950.000  0.4872E+00
  2000.000  0.4599E+00
  2050.000  0.4353E+00
  2100.000  0.4130E+00
  2150.000  0.3926E+00
  2200.000  0.3738E+00
  2250.000  0.3563E+00
  2300.000  0.3399E+00
  2350.000  0.3246E+00
  2400.000  0.3102E+00
  2450.000  0.2965E+00
  2500.000  0.2834E+00
  2550.000  0.2710E+00
  2600.000  0.2589E+00
  2650.000  0.2472E+00
  2700.000  0.2358E+00
  2750.000  0.2246E+00
  2800.000  0.2135E+00
  2850.000  0.2026E+00
  2900.000  0.1916E+00
  2950.000  0.1808E+00
  3000.000  0.1700E+00
