   700.000  0.7525E+01
   750.000  0.6849E+01
   800.000  0.6439E+01
   850.000  0.6212E+01
   900.000  0.6126E+01
   950.000  0.6150E+01
  1000.000  0.6275E+01
  1050.000  0.6514E+01
  1100.000  0.6897E+01
  1150.000  0.7463E+01
  1200.000  0.8276E+01
  1250.000  0.9434E+01
  1300.000  0.1093E+02
  1350.000  0.1259E+02
  1400.000  0.1418E+02
  1450.000  0.1562E+02
  1500.000  0.1689E+02
  1550.000  0.1803E+02
  1600.000  0.1908E+02
  1650.000  0.2007E+02
  1700.000  0.2101E+02
  1750.000  0.2193E+02
  1800.000  0.2282E+02
  1850.000  0.2369E+02
  1900.000  0.2453E+02
  1950.000  0.2536E+02
  2000.000  0.2616E+02
  2050.000  0.2693E+02
  2100.000  0.2768E+02
  2150.000  0.2840E+02
  2200.000  0.2910E+02
  2250.000  0.2977E+02
  2300.000  0.3042E+02
  2350.000  0.3105E+02
  2400.000  0.3168E+02
  2450.000  0.3229E+02
  2500.000  0.3289E+02
  2550.000  0.3349E+02
  2600.000  0.3409E+02
  2650.000  0.3470E+02
  2700.000  0.3530E+02
  2750.000  0.3591E+02
  2800.000  0.3652E+02
  2850.000  0.3713E+02
  2900.000  0.3774E+02
  2950.000  0.3836E+02
  3000.000  0.3897E+02
