   700.000  0.3772E+01
   750.000  0.3770E+01
   800.000  0.3758E+01
   850.000  0.3747E+01
   900.000  0.3728E+01
   950.000  0.3702E+01
  1000.000  0.3665E+01
  1050.000  0.3602E+01
  1100.000  0.3478E+01
  1150.000  0.3250E+01
  1200.000  0.2901E+01
  1250.000  0.2474E+01
  1300.000  0.2046E+01
  1350.000  0.1676E+01
  1400.000  0.1385E+01
  1450.000  0.1167E+01
  1500.000  0.1005E+01
  1550.000  0.8845E+00
  1600.000  0.7919E+00
  1650.000  0.7188E+00
  1700.000  0.6594E+00
  1750.000  0.6101E+00
  1800.000  0.5682E+00
  1850.000  0.5321E+00
  1900.000  0.5005E+00
  1950.000  0.4725E+00
  2000.000  0.4475E+00
  2050.000  0.4248E+00
  2100.000  0.4041E+00
  2150.000  0.3849E+00
  2200.000  0.3670E+00
  2250.000  0.3502E+00
  2300.000  0.3343E+00
  2350.000  0.3192E+00
  2400.000  0.3048E+00
  2450.000  0.2911E+00
  2500.000  0.2779E+00
  2550.000  0.2652E+00
  2600.000  0.2529E+00
  2650.000  0.2411E+00
  2700.000  0.2295E+00
  2750.000  0.2183E+00
  2800.000  0.2072E+00
  2850.000  0.1963E+00
  2900.000  0.1856E+00
  2950.000  0.1750E+00
  3000.000  0.1646E+00
