   700.000  0.3697E+01
   750.000  0.3716E+01
   800.000  0.3775E+01
   850.000  0.3872E+01
   900.000  0.3990E+01
   950.000  0.4134E+01
  1000.000  0.4309E+01
  1050.000  0.4530E+01
  1100.000  0.4822E+01
  1150.000  0.5206E+01
  1200.000  0.5674E+01
  1250.000  0.6185E+01
  1300.000  0.6697E+01
  1350.000  0.7179E+01
  1400.000  0.7596E+01
  1450.000  0.7926E+01
  1500.000  0.8167E+01
  1550.000  0.8329E+01
  1600.000  0.8428E+01
  1650.000  0.8475E+01
  1700.000  0.8480E+01
  1750.000  0.8451E+01
  1800.000  0.8394E+01
  1850.000  0.8314E+01
  1900.000  0.8215E+01
  1950.000  0.8099E+01
  2000.000  0.7968E+01
  2050.000  0.7827E+01
  2100.000  0.7676E+01
  2150.000  0.7517E+01
  2200.000  0.7354E+01
  2250.000  0.7187E+01
  2300.000  0.7018E+01
  2350.000  0.6850E+01
  2400.000  0.6683E+01
  2450.000  0.6520E+01
  2500.000  0.6360E+01
  2550.000  0.6205E+01
  2600.000  0.6055E+01
  2650.000  0.5910E+01
  2700.000  0.5770E+01
  2750.000  0.5636E+01
  2800.000  0.5506E+01
  2850.000  0.5380E+01
  2900.000  0.5258E+01
  2950.000  0.5140E+01
  3000.000  0.5024E+01
