   700.000  0.3641E+01
   750.000  0.3668E+01
   800.000  0.3738E+01
   850.000  0.3868E+01
   900.000  0.4026E+01
   950.000  0.4218E+01
  1000.000  0.4457E+01
  1050.000  0.4763E+01
  1100.000  0.5163E+01
  1150.000  0.5680E+01
  1200.000  0.6317E+01
  1250.000  0.7058E+01
  1300.000  0.7868E+01
  1350.000  0.8680E+01
  1400.000  0.9421E+01
  1450.000  0.1005E+02
  1500.000  0.1057E+02
  1550.000  0.1100E+02
  1600.000  0.1135E+02
  1650.000  0.1163E+02
  1700.000  0.1187E+02
  1750.000  0.1207E+02
  1800.000  0.1224E+02
  1850.000  0.1238E+02
  1900.000  0.1248E+02
  1950.000  0.1257E+02
  2000.000  0.1263E+02
  2050.000  0.1267E+02
  2100.000  0.1269E+02
  2150.000  0.1269E+02
  2200.000  0.1268E+02
  2250.000  0.1266E+02
  2300.000  0.1263E+02
  2350.000  0.1259E+02
  2400.000  0.1255E+02
  2450.000  0.1250E+02
  2500.000  0.1246E+02
  2550.000  0.1242E+02
  2600.000  0.1237E+02
  2650.000  0.1234E+02
  2700.000  0.1230E+02
  2750.000  0.1227E+02
  2800.000  0.1224E+02
  2850.000  0.1222E+02
  2900.000  0.1220E+02
  2950.000  0.1218E+02
  3000.000  0.1216E+02
