   700.000  0.5233E+01
   750.000  0.5014E+01
   800.000  0.4931E+01
   850.000  0.4961E+01
   900.000  0.5070E+01
   950.000  0.5248E+01
  1000.000  0.5501E+01
  1050.000  0.5846E+01
  1100.000  0.6315E+01
  1150.000  0.6941E+01
  1200.000  0.7779E+01
  1250.000  0.8922E+01
  1300.000  0.1037E+02
  1350.000  0.1194E+02
  1400.000  0.1346E+02
  1450.000  0.1482E+02
  1500.000  0.1602E+02
  1550.000  0.1710E+02
  1600.000  0.1809E+02
  1650.000  0.1903E+02
  1700.000  0.1993E+02
  1750.000  0.2080E+02
  1800.000  0.2164E+02
  1850.000  0.2247E+02
  1900.000  0.2327E+02
  1950.000  0.2406E+02
  2000.000  0.2481E+02
  2050.000  0.2555E+02
  2100.000  0.2625E+02
  2150.000  0.2693E+02
  2200.000  0.2759E+02
  2250.000  0.2822E+02
  2300.000  0.2884E+02
  2350.000  0.2944E+02
  2400.000  0.3002E+02
  2450.000  0.3059E+02
  2500.000  0.3116E+02
  2550.000  0.3173E+02
  2600.000  0.3230E+02
  2650.000  0.3286E+02
  2700.000  0.3343E+02
  2750.000  0.3401E+02
  2800.000  0.3458E+02
  2850.000  0.3515E+02
  2900.000  0.3573E+02
  2950.000  0.3631E+02
  3000.000  0.3688E+02
