   700.000  0.3780E+01
   750.000  0.3780E+01
   800.000  0.3773E+01
   850.000  0.3765E+01
   900.000  0.3750E+01
   950.000  0.3729E+01
  1000.000  0.3698E+01
  1050.000  0.3643E+01
  1100.000  0.3532E+01
  1150.000  0.3328E+01
  1200.000  0.3010E+01
  1250.000  0.2615E+01
  1300.000  0.2211E+01
  1350.000  0.1855E+01
  1400.000  0.1569E+01
  1450.000  0.1347E+01
  1500.000  0.1177E+01
  1550.000  0.1044E+01
  1600.000  0.9377E+00
  1650.000  0.8503E+00
  1700.000  0.7766E+00
  1750.000  0.7135E+00
  1800.000  0.6586E+00
  1850.000  0.6105E+00
  1900.000  0.5680E+00
  1950.000  0.5304E+00
  2000.000  0.4970E+00
  2050.000  0.4671E+00
  2100.000  0.4403E+00
  2150.000  0.4162E+00
  2200.000  0.3945E+00
  2250.000  0.3749E+00
  2300.000  0.3570E+00
  2350.000  0.3407E+00
  2400.000  0.3258E+00
  2450.000  0.3119E+00
  2500.000  0.2989E+00
  2550.000  0.2866E+00
  2600.000  0.2748E+00
  2650.000  0.2634E+00
  2700.000  0.2521E+00
  2750.000  0.2409E+00
  2800.000  0.2296E+00
  2850.000  0.2182E+00
  2900.000  0.2068E+00
  2950.000  0.1953E+00
  3000.000  0.1837E+00
