   700.000  0.3785E+01
   750.000  0.3805E+01
   800.000  0.3847E+01
   850.000  0.3898E+01
   900.000  0.3957E+01
   950.000  0.4023E+01
  1000.000  0.4095E+01
  1050.000  0.4174E+01
  1100.000  0.4266E+01
  1150.000  0.4369E+01
  1200.000  0.4464E+01
  1250.000  0.4516E+01
  1300.000  0.4508E+01
  1350.000  0.4458E+01
  1400.000  0.4378E+01
  1450.000  0.4272E+01
  1500.000  0.4140E+01
  1550.000  0.3987E+01
  1600.000  0.3819E+01
  1650.000  0.3641E+01
  1700.000  0.3457E+01
  1750.000  0.3272E+01
  1800.000  0.3088E+01
  1850.000  0.2907E+01
  1900.000  0.2731E+01
  1950.000  0.2562E+01
  2000.000  0.2400E+01
  2050.000  0.2245E+01
  2100.000  0.2099E+01
  2150.000  0.1961E+01
  2200.000  0.1831E+01
  2250.000  0.1709E+01
  2300.000  0.1596E+01
  2350.000  0.1490E+01
  2400.000  0.1392E+01
  2450.000  0.1300E+01
  2500.000  0.1216E+01
  2550.000  0.1137E+01
  2600.000  0.1063E+01
  2650.000  0.9947E+00
  2700.000  0.9303E+00
  2750.000  0.8699E+00
  2800.000  0.8130E+00
  2850.000  0.7594E+00
  2900.000  0.7090E+00
  2950.000  0.6617E+00
  3000.000  0.6175E+00
