   700.000  0.3771E+01
   750.000  0.3769E+01
   800.000  0.3757E+01
   850.000  0.3745E+01
   900.000  0.3726E+01
   950.000  0.3699E+01
  1000.000  0.3662E+01
  1050.000  0.3597E+01
  1100.000  0.3472E+01
  1150.000  0.3242E+01
  1200.000  0.2890E+01
  1250.000  0.2459E+01
  1300.000  0.2028E+01
  1350.000  0.1657E+01
  1400.000  0.1366E+01
  1450.000  0.1148E+01
  1500.000  0.9870E+00
  1550.000  0.8675E+00
  1600.000  0.7764E+00
  1650.000  0.7049E+00
  1700.000  0.6471E+00
  1750.000  0.5993E+00
  1800.000  0.5588E+00
  1850.000  0.5240E+00
  1900.000  0.4936E+00
  1950.000  0.4667E+00
  2000.000  0.4426E+00
  2050.000  0.4207E+00
  2100.000  0.4005E+00
  2150.000  0.3818E+00
  2200.000  0.3643E+00
  2250.000  0.3478E+00
  2300.000  0.3320E+00
  2350.000  0.3170E+00
  2400.000  0.3026E+00
  2450.000  0.2888E+00
  2500.000  0.2756E+00
  2550.000  0.2628E+00
  2600.000  0.2504E+00
  2650.000  0.2385E+00
  2700.000  0.2269E+00
  2750.000  0.2156E+00
  2800.000  0.2045E+00
  2850.000  0.1937E+00
  2900.000  0.1830E+00
  2950.000  0.1726E+00
  3000.000  0.1622E+00
