   700.000  0.3743E+01
   750.000  0.3763E+01
   800.000  0.3815E+01
   850.000  0.3890E+01
   900.000  0.3979E+01
   950.000  0.4084E+01
  1000.000  0.4207E+01
  1050.000  0.4357E+01
  1100.000  0.4550E+01
  1150.000  0.4800E+01
  1200.000  0.5093E+01
  1250.000  0.5381E+01
  1300.000  0.5628E+01
  1350.000  0.5827E+01
  1400.000  0.5971E+01
  1450.000  0.6054E+01
  1500.000  0.6076E+01
  1550.000  0.6045E+01
  1600.000  0.5971E+01
  1650.000  0.5864E+01
  1700.000  0.5732E+01
  1750.000  0.5581E+01
  1800.000  0.5417E+01
  1850.000  0.5243E+01
  1900.000  0.5062E+01
  1950.000  0.4876E+01
  2000.000  0.4689E+01
  2050.000  0.4501E+01
  2100.000  0.4315E+01
  2150.000  0.4130E+01
  2200.000  0.3950E+01
  2250.000  0.3774E+01
  2300.000  0.3603E+01
  2350.000  0.3438E+01
  2400.000  0.3279E+01
  2450.000  0.3127E+01
  2500.000  0.2983E+01
  2550.000  0.2845E+01
  2600.000  0.2713E+01
  2650.000  0.2588E+01
  2700.000  0.2470E+01
  2750.000  0.2356E+01
  2800.000  0.2248E+01
  2850.000  0.2144E+01
  2900.000  0.2046E+01
  2950.000  0.1951E+01
  3000.000  0.1860E+01
