   700.000  0.3805E+01
   750.000  0.3817E+01
   800.000  0.3833E+01
   850.000  0.3852E+01
   900.000  0.3868E+01
   950.000  0.3882E+01
  1000.000  0.3891E+01
  1050.000  0.3889E+01
  1100.000  0.3860E+01
  1150.000  0.3784E+01
  1200.000  0.3639E+01
  1250.000  0.3423E+01
  1300.000  0.3164E+01
  1350.000  0.2902E+01
  1400.000  0.2662E+01
  1450.000  0.2448E+01
  1500.000  0.2254E+01
  1550.000  0.2077E+01
  1600.000  0.1914E+01
  1650.000  0.1761E+01
  1700.000  0.1619E+01
  1750.000  0.1487E+01
  1800.000  0.1365E+01
  1850.000  0.1253E+01
  1900.000  0.1150E+01
  1950.000  0.1056E+01
  2000.000  0.9705E+00
  2050.000  0.8936E+00
  2100.000  0.8245E+00
  2150.000  0.7627E+00
  2200.000  0.7077E+00
  2250.000  0.6589E+00
  2300.000  0.6157E+00
  2350.000  0.5774E+00
  2400.000  0.5434E+00
  2450.000  0.5130E+00
  2500.000  0.4857E+00
  2550.000  0.4607E+00
  2600.000  0.4375E+00
  2650.000  0.4156E+00
  2700.000  0.3947E+00
  2750.000  0.3744E+00
  2800.000  0.3545E+00
  2850.000  0.3350E+00
  2900.000  0.3158E+00
  2950.000  0.2971E+00
  3000.000  0.2790E+00
