   700.000  0.3773E+01
   750.000  0.3771E+01
   800.000  0.3760E+01
   850.000  0.3750E+01
   900.000  0.3731E+01
   950.000  0.3705E+01
  1000.000  0.3669E+01
  1050.000  0.3607E+01
  1100.000  0.3485E+01
  1150.000  0.3260E+01
  1200.000  0.2915E+01
  1250.000  0.2492E+01
  1300.000  0.2066E+01
  1350.000  0.1699E+01
  1400.000  0.1408E+01
  1450.000  0.1190E+01
  1500.000  0.1027E+01
  1550.000  0.9043E+00
  1600.000  0.8099E+00
  1650.000  0.7349E+00
  1700.000  0.6737E+00
  1750.000  0.6226E+00
  1800.000  0.5791E+00
  1850.000  0.5414E+00
  1900.000  0.5085E+00
  1950.000  0.4793E+00
  2000.000  0.4533E+00
  2050.000  0.4297E+00
  2100.000  0.4082E+00
  2150.000  0.3885E+00
  2200.000  0.3701E+00
  2250.000  0.3530E+00
  2300.000  0.3369E+00
  2350.000  0.3217E+00
  2400.000  0.3073E+00
  2450.000  0.2936E+00
  2500.000  0.2805E+00
  2550.000  0.2679E+00
  2600.000  0.2558E+00
  2650.000  0.2440E+00
  2700.000  0.2325E+00
  2750.000  0.2213E+00
  2800.000  0.2102E+00
  2850.000  0.1993E+00
  2900.000  0.1885E+00
  2950.000  0.1778E+00
  3000.000  0.1672E+00
