   700.000  0.3803E+01
   750.000  0.3819E+01
   800.000  0.3846E+01
   850.000  0.3877E+01
   900.000  0.3909E+01
   950.000  0.3941E+01
  1000.000  0.3972E+01
  1050.000  0.3998E+01
  1100.000  0.4010E+01
  1150.000  0.3995E+01
  1200.000  0.3933E+01
  1250.000  0.3806E+01
  1300.000  0.3627E+01
  1350.000  0.3427E+01
  1400.000  0.3229E+01
  1450.000  0.3037E+01
  1500.000  0.2851E+01
  1550.000  0.2669E+01
  1600.000  0.2491E+01
  1650.000  0.2319E+01
  1700.000  0.2153E+01
  1750.000  0.1995E+01
  1800.000  0.1845E+01
  1850.000  0.1704E+01
  1900.000  0.1572E+01
  1950.000  0.1450E+01
  2000.000  0.1337E+01
  2050.000  0.1233E+01
  2100.000  0.1138E+01
  2150.000  0.1052E+01
  2200.000  0.9733E+00
  2250.000  0.9024E+00
  2300.000  0.8383E+00
  2350.000  0.7806E+00
  2400.000  0.7284E+00
  2450.000  0.6812E+00
  2500.000  0.6382E+00
  2550.000  0.5989E+00
  2600.000  0.5624E+00
  2650.000  0.5284E+00
  2700.000  0.4964E+00
  2750.000  0.4660E+00
  2800.000  0.4370E+00
  2850.000  0.4092E+00
  2900.000  0.3827E+00
  2950.000  0.3575E+00
  3000.000  0.3336E+00
