   700.000  0.3603E+01
   750.000  0.3695E+01
   800.000  0.3825E+01
   850.000  0.4025E+01
   900.000  0.4257E+01
   950.000  0.4531E+01
  1000.000  0.4862E+01
  1050.000  0.5275E+01
  1100.000  0.5797E+01
  1150.000  0.6452E+01
  1200.000  0.7279E+01
  1250.000  0.8344E+01
  1300.000  0.9640E+01
  1350.000  0.1102E+02
  1400.000  0.1234E+02
  1450.000  0.1351E+02
  1500.000  0.1454E+02
  1550.000  0.1546E+02
  1600.000  0.1631E+02
  1650.000  0.1710E+02
  1700.000  0.1785E+02
  1750.000  0.1858E+02
  1800.000  0.1928E+02
  1850.000  0.1996E+02
  1900.000  0.2062E+02
  1950.000  0.2126E+02
  2000.000  0.2187E+02
  2050.000  0.2246E+02
  2100.000  0.2302E+02
  2150.000  0.2356E+02
  2200.000  0.2408E+02
  2250.000  0.2457E+02
  2300.000  0.2505E+02
  2350.000  0.2552E+02
  2400.000  0.2597E+02
  2450.000  0.2641E+02
  2500.000  0.2685E+02
  2550.000  0.2729E+02
  2600.000  0.2773E+02
  2650.000  0.2817E+02
  2700.000  0.2861E+02
  2750.000  0.2906E+02
  2800.000  0.2950E+02
  2850.000  0.2995E+02
  2900.000  0.3040E+02
  2950.000  0.3085E+02
  3000.000  0.3130E+02
