   700.000  0.7222E+02
   750.000  0.5894E+02
   800.000  0.4924E+02
   850.000  0.4186E+02
   900.000  0.3624E+02
   950.000  0.3189E+02
  1000.000  0.2847E+02
  1050.000  0.2578E+02
  1100.000  0.2378E+02
  1150.000  0.2249E+02
  1200.000  0.2198E+02
  1250.000  0.2229E+02
  1300.000  0.2335E+02
  1350.000  0.2485E+02
  1400.000  0.2642E+02
  1450.000  0.2787E+02
  1500.000  0.2913E+02
  1550.000  0.3024E+02
  1600.000  0.3123E+02
  1650.000  0.3214E+02
  1700.000  0.3301E+02
  1750.000  0.3385E+02
  1800.000  0.3466E+02
  1850.000  0.3546E+02
  1900.000  0.3624E+02
  1950.000  0.3700E+02
  2000.000  0.3774E+02
  2050.000  0.3846E+02
  2100.000  0.3916E+02
  2150.000  0.3983E+02
  2200.000  0.4048E+02
  2250.000  0.4111E+02
  2300.000  0.4172E+02
  2350.000  0.4232E+02
  2400.000  0.4291E+02
  2450.000  0.4349E+02
  2500.000  0.4408E+02
  2550.000  0.4466E+02
  2600.000  0.4526E+02
  2650.000  0.4586E+02
  2700.000  0.4647E+02
  2750.000  0.4709E+02
  2800.000  0.4772E+02
  2850.000  0.4836E+02
  2900.000  0.4901E+02
  2950.000  0.4966E+02
  3000.000  0.5032E+02
