   700.000  0.3798E+01
   750.000  0.3805E+01
   800.000  0.3810E+01
   850.000  0.3816E+01
   900.000  0.3817E+01
   950.000  0.3813E+01
  1000.000  0.3803E+01
  1050.000  0.3774E+01
  1100.000  0.3706E+01
  1150.000  0.3570E+01
  1200.000  0.3344E+01
  1250.000  0.3043E+01
  1300.000  0.2713E+01
  1350.000  0.2403E+01
  1400.000  0.2135E+01
  1450.000  0.1911E+01
  1500.000  0.1723E+01
  1550.000  0.1561E+01
  1600.000  0.1420E+01
  1650.000  0.1295E+01
  1700.000  0.1182E+01
  1750.000  0.1081E+01
  1800.000  0.9892E+00
  1850.000  0.9064E+00
  1900.000  0.8318E+00
  1950.000  0.7649E+00
  2000.000  0.7050E+00
  2050.000  0.6517E+00
  2100.000  0.6044E+00
  2150.000  0.5626E+00
  2200.000  0.5258E+00
  2250.000  0.4936E+00
  2300.000  0.4653E+00
  2350.000  0.4406E+00
  2400.000  0.4187E+00
  2450.000  0.3994E+00
  2500.000  0.3819E+00
  2550.000  0.3659E+00
  2600.000  0.3509E+00
  2650.000  0.3364E+00
  2700.000  0.3223E+00
  2750.000  0.3083E+00
  2800.000  0.2941E+00
  2850.000  0.2798E+00
  2900.000  0.2653E+00
  2950.000  0.2507E+00
  3000.000  0.2362E+00
