0.0625 0.212567
0.0626 0.21266
0.0627 0.212753
0.0628 0.212846
0.0629 0.212939
0.063 0.213033
0.0631 0.213126
0.0632 0.213219
0.0633 0.213312
0.0634 0.213405
0.0635 0.213499
0.0636 0.213592
0.0637 0.213685
0.0638 0.213778
0.0639 0.213872
0.064 0.213965
0.0641 0.214058
0.0642 0.214151
0.0643 0.214245
0.0644 0.214338
0.0645 0.214431
0.0646 0.214524
0.0647 0.214618
0.0648 0.214711
0.0649 0.214804
0.065 0.214897
0.0651 0.214991
0.0652 0.215084
0.0653 0.215177
0.0654 0.215271
0.0655 0.215364
0.0656 0.215457
0.0657 0.215551
0.0658 0.215644
0.0659 0.215737
0.066 0.215831
0.0661 0.215924
0.0662 0.216017
0.0663 0.216111
0.0664 0.216204
0.0665 0.216297
0.0666 0.216391
0.0667 0.216484
0.0668 0.216577
0.0669 0.216671
0.067 0.216764
0.0671 0.216857
0.0672 0.216951
0.0673 0.217044
0.0674 0.217138
0.0675 0.217231
0.0676 0.217324
0.0677 0.217418
0.0678 0.217511
0.0679 0.217605
0.068 0.217698
0.0681 0.217792
0.0682 0.217885
0.0683 0.217978
0.0684 0.218072
0.0685 0.218165
0.0686 0.218259
0.0687 0.218352
0.0688 0.218446
0.0689 0.218539
0.069 0.218633
0.0691 0.218726
0.0692 0.218819
0.0693 0.218913
0.0694 0.219006
0.0695 0.2191
0.0696 0.219193
0.0697 0.219287
0.0698 0.21938
0.0699 0.219474
0.07 0.219567
0.0701 0.219661
0.0702 0.219754
0.0703 0.219848
0.0704 0.219942
0.0705 0.220035
0.0706 0.220129
0.0707 0.220222
0.0708 0.220316
0.0709 0.220409
0.071 0.220503
0.0711 0.220596
0.0712 0.22069
0.0713 0.220783
0.0714 0.220877
0.0715 0.220971
0.0716 0.221064
0.0717 0.221158
0.0718 0.221251
0.0719 0.221345
0.072 0.221439
0.0721 0.221532
0.0722 0.221626
0.0723 0.221719
0.0724 0.221813
0.0725 0.221907
0.0726 0.222
0.0727 0.222094
0.0728 0.222188
0.0729 0.222281
0.073 0.222375
0.0731 0.222468
0.0732 0.222562
0.0733 0.222656
0.0734 0.222749
0.0735 0.222843
0.0736 0.222937
0.0737 0.22303
0.0738 0.223124
0.0739 0.223218
0.074 0.223312
0.0741 0.223405
0.0742 0.223499
0.0743 0.223593
0.0744 0.223686
0.0745 0.22378
0.0746 0.223874
0.0747 0.223967
0.0748 0.224061
0.0749 0.224155
0.075 0.224249
0.0751 0.224342
0.0752 0.224436
0.0753 0.22453
0.0754 0.224624
0.0755 0.224717
0.0756 0.224811
0.0757 0.224905
0.0758 0.224999
0.0759 0.225092
0.076 0.225186
0.0761 0.22528
0.0762 0.225374
0.0763 0.225468
0.0764 0.225561
0.0765 0.225655
0.0766 0.225749
0.0767 0.225843
0.0768 0.225937
0.0769 0.22603
0.077 0.226124
0.0771 0.226218
0.0772 0.226312
0.0773 0.226406
0.0774 0.226499
0.0775 0.226593
0.0776 0.226687
0.0777 0.226781
0.0778 0.226875
0.0779 0.226969
0.078 0.227063
0.0781 0.227156
0.0782 0.22725
0.0783 0.227344
0.0784 0.227438
0.0785 0.227532
0.0786 0.227626
0.0787 0.22772
0.0788 0.227814
0.0789 0.227908
0.079 0.228001
0.0791 0.228095
0.0792 0.228189
0.0793 0.228283
0.0794 0.228377
0.0795 0.228471
0.0796 0.228565
0.0797 0.228659
0.0798 0.228753
0.0799 0.228847
0.08 0.228941
0.0801 0.229035
0.0802 0.229129
0.0803 0.229223
0.0804 0.229317
0.0805 0.229411
0.0806 0.229505
0.0807 0.229598
0.0808 0.229692
0.0809 0.229786
0.081 0.22988
0.0811 0.229974
0.0812 0.230068
0.0813 0.230162
0.0814 0.230256
0.0815 0.23035
0.0816 0.230444
0.0817 0.230539
0.0818 0.230633
0.0819 0.230727
0.082 0.230821
0.0821 0.230915
0.0822 0.231009
0.0823 0.231103
0.0824 0.231197
0.0825 0.231291
0.0826 0.231385
0.0827 0.231479
0.0828 0.231573
0.0829 0.231667
0.083 0.231761
0.0831 0.231855
0.0832 0.231949
0.0833 0.232043
0.0834 0.232138
0.0835 0.232232
0.0836 0.232326
0.0837 0.23242
0.0838 0.232514
0.0839 0.232608
0.084 0.232702
0.0841 0.232796
0.0842 0.23289
0.0843 0.232985
0.0844 0.233079
0.0845 0.233173
0.0846 0.233267
0.0847 0.233361
0.0848 0.233455
0.0849 0.233549
0.085 0.233644
0.0851 0.233738
0.0852 0.233832
0.0853 0.233926
0.0854 0.23402
0.0855 0.234114
0.0856 0.234209
0.0857 0.234303
0.0858 0.234397
0.0859 0.234491
0.086 0.234585
0.0861 0.23468
0.0862 0.234774
0.0863 0.234868
0.0864 0.234962
0.0865 0.235056
0.0866 0.235151
0.0867 0.235245
0.0868 0.235339
0.0869 0.235433
0.087 0.235528
0.0871 0.235622
0.0872 0.235716
0.0873 0.23581
0.0874 0.235905
0.0875 0.235999
0.0876 0.236093
0.0877 0.236187
0.0878 0.236282
0.0879 0.236376
0.088 0.23647
0.0881 0.236565
0.0882 0.236659
0.0883 0.236753
0.0884 0.236848
0.0885 0.236942
0.0886 0.237036
0.0887 0.23713
0.0888 0.237225
0.0889 0.237319
0.089 0.237413
0.0891 0.237508
0.0892 0.237602
0.0893 0.237696
0.0894 0.237791
0.0895 0.237885
0.0896 0.237979
0.0897 0.238074
0.0898 0.238168
0.0899 0.238263
0.09 0.238357
0.0901 0.238451
0.0902 0.238546
0.0903 0.23864
0.0904 0.238734
0.0905 0.238829
0.0906 0.238923
0.0907 0.239018
0.0908 0.239112
0.0909 0.239206
0.091 0.239301
0.0911 0.239395
0.0912 0.23949
0.0913 0.239584
0.0914 0.239679
0.0915 0.239773
0.0916 0.239867
0.0917 0.239962
0.0918 0.240056
0.0919 0.240151
0.092 0.240245
0.0921 0.24034
0.0922 0.240434
0.0923 0.240529
0.0924 0.240623
0.0925 0.240717
0.0926 0.240812
0.0927 0.240906
0.0928 0.241001
0.0929 0.241095
0.093 0.24119
0.0931 0.241284
0.0932 0.241379
0.0933 0.241473
0.0934 0.241568
0.0935 0.241662
0.0936 0.241757
0.0937 0.241851
0.0938 0.241946
0.0939 0.24204
0.094 0.242135
0.0941 0.24223
0.0942 0.242324
0.0943 0.242419
0.0944 0.242513
0.0945 0.242608
0.0946 0.242702
0.0947 0.242797
0.0948 0.242891
0.0949 0.242986
0.095 0.243081
0.0951 0.243175
0.0952 0.24327
0.0953 0.243364
0.0954 0.243459
0.0955 0.243553
0.0956 0.243648
0.0957 0.243743
0.0958 0.243837
0.0959 0.243932
0.096 0.244027
0.0961 0.244121
0.0962 0.244216
0.0963 0.24431
0.0964 0.244405
0.0965 0.2445
0.0966 0.244594
0.0967 0.244689
0.0968 0.244784
0.0969 0.244878
0.097 0.244973
0.0971 0.245068
0.0972 0.245162
0.0973 0.245257
0.0974 0.245352
0.0975 0.245446
0.0976 0.245541
0.0977 0.245636
0.0978 0.24573
0.0979 0.245825
0.098 0.24592
0.0981 0.246014
0.0982 0.246109
0.0983 0.246204
0.0984 0.246298
0.0985 0.246393
0.0986 0.246488
0.0987 0.246583
0.0988 0.246677
0.0989 0.246772
0.099 0.246867
0.0991 0.246961
0.0992 0.247056
0.0993 0.247151
0.0994 0.247246
0.0995 0.24734
0.0996 0.247435
0.0997 0.24753
0.0998 0.247625
0.0999 0.24772
0.1 0.247814
0.1001 0.247909
0.1002 0.248004
0.1003 0.248099
0.1004 0.248193
0.1005 0.248288
0.1006 0.248383
0.1007 0.248478
0.1008 0.248573
0.1009 0.248667
0.101 0.248762
0.1011 0.248857
0.1012 0.248952
0.1013 0.249047
0.1014 0.249142
0.1015 0.249236
0.1016 0.249331
0.1017 0.249426
0.1018 0.249521
0.1019 0.249616
0.102 0.249711
0.1021 0.249805
0.1022 0.2499
0.1023 0.249995
0.1024 0.25009
0.1025 0.250185
0.1026 0.25028
0.1027 0.250375
0.1028 0.25047
0.1029 0.250564
0.103 0.250659
0.1031 0.250754
0.1032 0.250849
0.1033 0.250944
0.1034 0.251039
0.1035 0.251134
0.1036 0.251229
0.1037 0.251324
0.1038 0.251419
0.1039 0.251513
0.104 0.251608
0.1041 0.251703
0.1042 0.251798
0.1043 0.251893
0.1044 0.251988
0.1045 0.252083
0.1046 0.252178
0.1047 0.252273
0.1048 0.252368
0.1049 0.252463
0.105 0.252558
0.1051 0.252653
0.1052 0.252748
0.1053 0.252843
0.1054 0.252938
0.1055 0.253033
0.1056 0.253128
0.1057 0.253223
0.1058 0.253318
0.1059 0.253413
0.106 0.253508
0.1061 0.253603
0.1062 0.253698
0.1063 0.253793
0.1064 0.253888
0.1065 0.253983
0.1066 0.254078
0.1067 0.254173
0.1068 0.254268
0.1069 0.254363
0.107 0.254458
0.1071 0.254553
0.1072 0.254648
0.1073 0.254743
0.1074 0.254838
0.1075 0.254933
0.1076 0.255028
0.1077 0.255123
0.1078 0.255219
0.1079 0.255314
0.108 0.255409
0.1081 0.255504
0.1082 0.255599
0.1083 0.255694
0.1084 0.255789
0.1085 0.255884
0.1086 0.255979
0.1087 0.256074
0.1088 0.25617
0.1089 0.256265
0.109 0.25636
0.1091 0.256455
0.1092 0.25655
0.1093 0.256645
0.1094 0.25674
0.1095 0.256835
0.1096 0.256931
0.1097 0.257026
0.1098 0.257121
0.1099 0.257216
0.11 0.257311
0.1101 0.257406
0.1102 0.257501
0.1103 0.257597
0.1104 0.257692
0.1105 0.257787
0.1106 0.257882
0.1107 0.257977
0.1108 0.258073
0.1109 0.258168
0.111 0.258263
0.1111 0.258358
0.1112 0.258453
0.1113 0.258549
0.1114 0.258644
0.1115 0.258739
0.1116 0.258834
0.1117 0.258929
0.1118 0.259025
0.1119 0.25912
0.112 0.259215
0.1121 0.25931
0.1122 0.259406
0.1123 0.259501
0.1124 0.259596
0.1125 0.259691
0.1126 0.259787
0.1127 0.259882
0.1128 0.259977
0.1129 0.260072
0.113 0.260168
0.1131 0.260263
0.1132 0.260358
0.1133 0.260454
0.1134 0.260549
0.1135 0.260644
0.1136 0.260739
0.1137 0.260835
0.1138 0.26093
0.1139 0.261025
0.114 0.261121
0.1141 0.261216
0.1142 0.261311
0.1143 0.261407
0.1144 0.261502
0.1145 0.261597
0.1146 0.261693
0.1147 0.261788
0.1148 0.261883
0.1149 0.261979
0.115 0.262074
0.1151 0.262169
0.1152 0.262265
0.1153 0.26236
0.1154 0.262455
0.1155 0.262551
0.1156 0.262646
0.1157 0.262741
0.1158 0.262837
0.1159 0.262932
0.116 0.263028
0.1161 0.263123
0.1162 0.263218
0.1163 0.263314
0.1164 0.263409
0.1165 0.263505
0.1166 0.2636
0.1167 0.263695
0.1168 0.263791
0.1169 0.263886
0.117 0.263982
0.1171 0.264077
0.1172 0.264172
0.1173 0.264268
0.1174 0.264363
0.1175 0.264459
0.1176 0.264554
0.1177 0.26465
0.1178 0.264745
0.1179 0.264841
0.118 0.264936
0.1181 0.265031
0.1182 0.265127
0.1183 0.265222
0.1184 0.265318
0.1185 0.265413
0.1186 0.265509
0.1187 0.265604
0.1188 0.2657
0.1189 0.265795
0.119 0.265891
0.1191 0.265986
0.1192 0.266082
0.1193 0.266177
0.1194 0.266273
0.1195 0.266368
0.1196 0.266464
0.1197 0.266559
0.1198 0.266655
0.1199 0.26675
0.12 0.266846
0.1201 0.266941
0.1202 0.267037
0.1203 0.267132
0.1204 0.267228
0.1205 0.267324
0.1206 0.267419
0.1207 0.267515
0.1208 0.26761
0.1209 0.267706
0.121 0.267801
0.1211 0.267897
0.1212 0.267992
0.1213 0.268088
0.1214 0.268184
0.1215 0.268279
0.1216 0.268375
0.1217 0.26847
0.1218 0.268566
0.1219 0.268662
0.122 0.268757
0.1221 0.268853
0.1222 0.268948
0.1223 0.269044
0.1224 0.26914
0.1225 0.269235
0.1226 0.269331
0.1227 0.269426
0.1228 0.269522
0.1229 0.269618
0.123 0.269713
0.1231 0.269809
0.1232 0.269905
0.1233 0.27
0.1234 0.270096
0.1235 0.270192
0.1236 0.270287
0.1237 0.270383
0.1238 0.270479
0.1239 0.270574
0.124 0.27067
0.1241 0.270766
0.1242 0.270861
0.1243 0.270957
0.1244 0.271053
0.1245 0.271148
0.1246 0.271244
0.1247 0.27134
0.1248 0.271435
0.1249 0.271531
0.125 0.271627
0.1251 0.271723
0.1252 0.271818
0.1253 0.271914
0.1254 0.27201
0.1255 0.272105
0.1256 0.272201
0.1257 0.272297
0.1258 0.272393
0.1259 0.272488
0.126 0.272584
0.1261 0.27268
0.1262 0.272776
0.1263 0.272871
0.1264 0.272967
0.1265 0.273063
0.1266 0.273159
0.1267 0.273254
0.1268 0.27335
0.1269 0.273446
0.127 0.273542
0.1271 0.273638
0.1272 0.273733
0.1273 0.273829
0.1274 0.273925
0.1275 0.274021
0.1276 0.274116
0.1277 0.274212
0.1278 0.274308
0.1279 0.274404
0.128 0.2745
0.1281 0.274596
0.1282 0.274691
0.1283 0.274787
0.1284 0.274883
0.1285 0.274979
0.1286 0.275075
0.1287 0.27517
0.1288 0.275266
0.1289 0.275362
0.129 0.275458
0.1291 0.275554
0.1292 0.27565
0.1293 0.275746
0.1294 0.275841
0.1295 0.275937
0.1296 0.276033
0.1297 0.276129
0.1298 0.276225
0.1299 0.276321
0.13 0.276417
0.1301 0.276513
0.1302 0.276608
0.1303 0.276704
0.1304 0.2768
0.1305 0.276896
0.1306 0.276992
0.1307 0.277088
0.1308 0.277184
0.1309 0.27728
0.131 0.277376
0.1311 0.277472
0.1312 0.277568
0.1313 0.277663
0.1314 0.277759
0.1315 0.277855
0.1316 0.277951
0.1317 0.278047
0.1318 0.278143
0.1319 0.278239
0.132 0.278335
0.1321 0.278431
0.1322 0.278527
0.1323 0.278623
0.1324 0.278719
0.1325 0.278815
0.1326 0.278911
0.1327 0.279007
0.1328 0.279103
0.1329 0.279199
0.133 0.279295
0.1331 0.279391
0.1332 0.279487
0.1333 0.279583
0.1334 0.279679
0.1335 0.279775
0.1336 0.279871
0.1337 0.279967
0.1338 0.280063
0.1339 0.280159
0.134 0.280255
0.1341 0.280351
0.1342 0.280447
0.1343 0.280543
0.1344 0.280639
0.1345 0.280735
0.1346 0.280831
0.1347 0.280927
0.1348 0.281023
0.1349 0.281119
0.135 0.281215
0.1351 0.281311
0.1352 0.281407
0.1353 0.281503
0.1354 0.281599
0.1355 0.281695
0.1356 0.281791
0.1357 0.281888
0.1358 0.281984
0.1359 0.28208
0.136 0.282176
0.1361 0.282272
0.1362 0.282368
0.1363 0.282464
0.1364 0.28256
0.1365 0.282656
0.1366 0.282752
0.1367 0.282848
0.1368 0.282945
0.1369 0.283041
0.137 0.283137
0.1371 0.283233
0.1372 0.283329
0.1373 0.283425
0.1374 0.283521
0.1375 0.283617
0.1376 0.283714
0.1377 0.28381
0.1378 0.283906
0.1379 0.284002
0.138 0.284098
0.1381 0.284194
0.1382 0.284291
0.1383 0.284387
0.1384 0.284483
0.1385 0.284579
0.1386 0.284675
0.1387 0.284771
0.1388 0.284868
0.1389 0.284964
0.139 0.28506
0.1391 0.285156
0.1392 0.285252
0.1393 0.285348
0.1394 0.285445
0.1395 0.285541
0.1396 0.285637
0.1397 0.285733
0.1398 0.285829
0.1399 0.285926
0.14 0.286022
0.1401 0.286118
0.1402 0.286214
0.1403 0.286311
0.1404 0.286407
0.1405 0.286503
0.1406 0.286599
0.1407 0.286696
0.1408 0.286792
0.1409 0.286888
0.141 0.286984
0.1411 0.287081
0.1412 0.287177
0.1413 0.287273
0.1414 0.287369
0.1415 0.287466
0.1416 0.287562
0.1417 0.287658
0.1418 0.287754
0.1419 0.287851
0.142 0.287947
0.1421 0.288043
0.1422 0.28814
0.1423 0.288236
0.1424 0.288332
0.1425 0.288428
0.1426 0.288525
0.1427 0.288621
0.1428 0.288717
0.1429 0.288814
0.143 0.28891
0.1431 0.289006
0.1432 0.289103
0.1433 0.289199
0.1434 0.289295
0.1435 0.289392
0.1436 0.289488
0.1437 0.289584
0.1438 0.289681
0.1439 0.289777
0.144 0.289873
0.1441 0.28997
0.1442 0.290066
0.1443 0.290162
0.1444 0.290259
0.1445 0.290355
0.1446 0.290451
0.1447 0.290548
0.1448 0.290644
0.1449 0.290741
0.145 0.290837
0.1451 0.290933
0.1452 0.29103
0.1453 0.291126
0.1454 0.291222
0.1455 0.291319
0.1456 0.291415
0.1457 0.291512
0.1458 0.291608
0.1459 0.291705
0.146 0.291801
0.1461 0.291897
0.1462 0.291994
0.1463 0.29209
0.1464 0.292187
0.1465 0.292283
0.1466 0.292379
0.1467 0.292476
0.1468 0.292572
0.1469 0.292669
0.147 0.292765
0.1471 0.292862
0.1472 0.292958
0.1473 0.293055
0.1474 0.293151
0.1475 0.293247
0.1476 0.293344
0.1477 0.29344
0.1478 0.293537
0.1479 0.293633
0.148 0.29373
0.1481 0.293826
0.1482 0.293923
0.1483 0.294019
0.1484 0.294116
0.1485 0.294212
0.1486 0.294309
0.1487 0.294405
0.1488 0.294502
0.1489 0.294598
0.149 0.294695
0.1491 0.294791
0.1492 0.294888
0.1493 0.294984
0.1494 0.295081
0.1495 0.295177
0.1496 0.295274
0.1497 0.29537
0.1498 0.295467
0.1499 0.295563
0.15 0.29566
0.1501 0.295756
0.1502 0.295853
0.1503 0.29595
0.1504 0.296046
0.1505 0.296143
0.1506 0.296239
0.1507 0.296336
0.1508 0.296432
0.1509 0.296529
0.151 0.296625
0.1511 0.296722
0.1512 0.296819
0.1513 0.296915
0.1514 0.297012
0.1515 0.297108
0.1516 0.297205
0.1517 0.297302
0.1518 0.297398
0.1519 0.297495
0.152 0.297591
0.1521 0.297688
0.1522 0.297785
0.1523 0.297881
0.1524 0.297978
0.1525 0.298074
0.1526 0.298171
0.1527 0.298268
0.1528 0.298364
0.1529 0.298461
0.153 0.298557
0.1531 0.298654
0.1532 0.298751
0.1533 0.298847
0.1534 0.298944
0.1535 0.299041
0.1536 0.299137
0.1537 0.299234
0.1538 0.299331
0.1539 0.299427
0.154 0.299524
0.1541 0.299621
0.1542 0.299717
0.1543 0.299814
0.1544 0.299911
0.1545 0.300007
0.1546 0.300104
0.1547 0.300201
0.1548 0.300297
0.1549 0.300394
0.155 0.300491
0.1551 0.300587
0.1552 0.300684
0.1553 0.300781
0.1554 0.300877
0.1555 0.300974
0.1556 0.301071
0.1557 0.301168
0.1558 0.301264
0.1559 0.301361
0.156 0.301458
0.1561 0.301554
0.1562 0.301651
0.1563 0.301748
0.1564 0.301845
0.1565 0.301941
0.1566 0.302038
0.1567 0.302135
0.1568 0.302232
0.1569 0.302328
0.157 0.302425
0.1571 0.302522
0.1572 0.302619
0.1573 0.302715
0.1574 0.302812
0.1575 0.302909
0.1576 0.303006
0.1577 0.303102
0.1578 0.303199
0.1579 0.303296
0.158 0.303393
0.1581 0.30349
0.1582 0.303586
0.1583 0.303683
0.1584 0.30378
0.1585 0.303877
0.1586 0.303974
0.1587 0.30407
0.1588 0.304167
0.1589 0.304264
0.159 0.304361
0.1591 0.304458
0.1592 0.304554
0.1593 0.304651
0.1594 0.304748
0.1595 0.304845
0.1596 0.304942
0.1597 0.305038
0.1598 0.305135
0.1599 0.305232
0.16 0.305329
0.1601 0.305426
0.1602 0.305523
0.1603 0.30562
0.1604 0.305716
0.1605 0.305813
0.1606 0.30591
0.1607 0.306007
0.1608 0.306104
0.1609 0.306201
0.161 0.306298
0.1611 0.306394
0.1612 0.306491
0.1613 0.306588
0.1614 0.306685
0.1615 0.306782
0.1616 0.306879
0.1617 0.306976
0.1618 0.307073
0.1619 0.307169
0.162 0.307266
0.1621 0.307363
0.1622 0.30746
0.1623 0.307557
0.1624 0.307654
0.1625 0.307751
0.1626 0.307848
0.1627 0.307945
0.1628 0.308042
0.1629 0.308139
0.163 0.308236
0.1631 0.308332
0.1632 0.308429
0.1633 0.308526
0.1634 0.308623
0.1635 0.30872
0.1636 0.308817
0.1637 0.308914
0.1638 0.309011
0.1639 0.309108
0.164 0.309205
0.1641 0.309302
0.1642 0.309399
0.1643 0.309496
0.1644 0.309593
0.1645 0.30969
0.1646 0.309787
0.1647 0.309884
0.1648 0.309981
0.1649 0.310078
0.165 0.310175
0.1651 0.310272
0.1652 0.310369
0.1653 0.310466
0.1654 0.310563
0.1655 0.31066
0.1656 0.310757
0.1657 0.310854
0.1658 0.310951
0.1659 0.311048
0.166 0.311145
0.1661 0.311242
0.1662 0.311339
0.1663 0.311436
0.1664 0.311533
0.1665 0.31163
0.1666 0.311727
0.1667 0.311824
0.1668 0.311921
0.1669 0.312018
0.167 0.312115
0.1671 0.312212
0.1672 0.312309
0.1673 0.312406
0.1674 0.312503
0.1675 0.3126
0.1676 0.312697
0.1677 0.312794
0.1678 0.312891
0.1679 0.312988
0.168 0.313085
0.1681 0.313183
0.1682 0.31328
0.1683 0.313377
0.1684 0.313474
0.1685 0.313571
0.1686 0.313668
0.1687 0.313765
0.1688 0.313862
0.1689 0.313959
0.169 0.314056
0.1691 0.314153
0.1692 0.314251
0.1693 0.314348
0.1694 0.314445
0.1695 0.314542
0.1696 0.314639
0.1697 0.314736
0.1698 0.314833
0.1699 0.31493
0.17 0.315027
0.1701 0.315125
0.1702 0.315222
0.1703 0.315319
0.1704 0.315416
0.1705 0.315513
0.1706 0.31561
0.1707 0.315707
0.1708 0.315805
0.1709 0.315902
0.171 0.315999
0.1711 0.316096
0.1712 0.316193
0.1713 0.31629
0.1714 0.316387
0.1715 0.316485
0.1716 0.316582
0.1717 0.316679
0.1718 0.316776
0.1719 0.316873
0.172 0.31697
0.1721 0.317068
0.1722 0.317165
0.1723 0.317262
0.1724 0.317359
0.1725 0.317456
0.1726 0.317554
0.1727 0.317651
0.1728 0.317748
0.1729 0.317845
0.173 0.317942
0.1731 0.31804
0.1732 0.318137
0.1733 0.318234
0.1734 0.318331
0.1735 0.318429
0.1736 0.318526
0.1737 0.318623
0.1738 0.31872
0.1739 0.318817
0.174 0.318915
0.1741 0.319012
0.1742 0.319109
0.1743 0.319206
0.1744 0.319304
0.1745 0.319401
0.1746 0.319498
0.1747 0.319595
0.1748 0.319693
0.1749 0.31979
0.175 0.319887
0.1751 0.319984
0.1752 0.320082
0.1753 0.320179
0.1754 0.320276
0.1755 0.320373
0.1756 0.320471
0.1757 0.320568
0.1758 0.320665
0.1759 0.320763
0.176 0.32086
0.1761 0.320957
0.1762 0.321054
0.1763 0.321152
0.1764 0.321249
0.1765 0.321346
0.1766 0.321444
0.1767 0.321541
0.1768 0.321638
0.1769 0.321736
0.177 0.321833
0.1771 0.32193
0.1772 0.322028
0.1773 0.322125
0.1774 0.322222
0.1775 0.32232
0.1776 0.322417
0.1777 0.322514
0.1778 0.322612
0.1779 0.322709
0.178 0.322806
0.1781 0.322904
0.1782 0.323001
0.1783 0.323098
0.1784 0.323196
0.1785 0.323293
0.1786 0.32339
0.1787 0.323488
0.1788 0.323585
0.1789 0.323682
0.179 0.32378
0.1791 0.323877
0.1792 0.323974
0.1793 0.324072
0.1794 0.324169
0.1795 0.324267
0.1796 0.324364
0.1797 0.324461
0.1798 0.324559
0.1799 0.324656
0.18 0.324754
0.1801 0.324851
0.1802 0.324948
0.1803 0.325046
0.1804 0.325143
0.1805 0.325241
0.1806 0.325338
0.1807 0.325435
0.1808 0.325533
0.1809 0.32563
0.181 0.325728
0.1811 0.325825
0.1812 0.325922
0.1813 0.32602
0.1814 0.326117
0.1815 0.326215
0.1816 0.326312
0.1817 0.32641
0.1818 0.326507
0.1819 0.326604
0.182 0.326702
0.1821 0.326799
0.1822 0.326897
0.1823 0.326994
0.1824 0.327092
0.1825 0.327189
0.1826 0.327287
0.1827 0.327384
0.1828 0.327482
0.1829 0.327579
0.183 0.327677
0.1831 0.327774
0.1832 0.327871
0.1833 0.327969
0.1834 0.328066
0.1835 0.328164
0.1836 0.328261
0.1837 0.328359
0.1838 0.328456
0.1839 0.328554
0.184 0.328651
0.1841 0.328749
0.1842 0.328846
0.1843 0.328944
0.1844 0.329041
0.1845 0.329139
0.1846 0.329236
0.1847 0.329334
0.1848 0.329431
0.1849 0.329529
0.185 0.329626
0.1851 0.329724
0.1852 0.329822
0.1853 0.329919
0.1854 0.330017
0.1855 0.330114
0.1856 0.330212
0.1857 0.330309
0.1858 0.330407
0.1859 0.330504
0.186 0.330602
0.1861 0.330699
0.1862 0.330797
0.1863 0.330894
0.1864 0.330992
0.1865 0.33109
0.1866 0.331187
0.1867 0.331285
0.1868 0.331382
0.1869 0.33148
0.187 0.331577
0.1871 0.331675
0.1872 0.331773
0.1873 0.33187
0.1874 0.331968
0.1875 0.332065
0.1876 0.332163
0.1877 0.33226
0.1878 0.332358
0.1879 0.332456
0.188 0.332553
0.1881 0.332651
0.1882 0.332748
0.1883 0.332846
0.1884 0.332944
0.1885 0.333041
0.1886 0.333139
0.1887 0.333236
0.1888 0.333334
0.1889 0.333432
0.189 0.333529
0.1891 0.333627
0.1892 0.333725
0.1893 0.333822
0.1894 0.33392
0.1895 0.334017
0.1896 0.334115
0.1897 0.334213
0.1898 0.33431
0.1899 0.334408
0.19 0.334506
0.1901 0.334603
0.1902 0.334701
0.1903 0.334799
0.1904 0.334896
0.1905 0.334994
0.1906 0.335092
0.1907 0.335189
0.1908 0.335287
0.1909 0.335385
0.191 0.335482
0.1911 0.33558
0.1912 0.335678
0.1913 0.335775
0.1914 0.335873
0.1915 0.335971
0.1916 0.336068
0.1917 0.336166
0.1918 0.336264
0.1919 0.336361
0.192 0.336459
0.1921 0.336557
0.1922 0.336654
0.1923 0.336752
0.1924 0.33685
0.1925 0.336948
0.1926 0.337045
0.1927 0.337143
0.1928 0.337241
0.1929 0.337338
0.193 0.337436
0.1931 0.337534
0.1932 0.337632
0.1933 0.337729
0.1934 0.337827
0.1935 0.337925
0.1936 0.338022
0.1937 0.33812
0.1938 0.338218
0.1939 0.338316
0.194 0.338413
0.1941 0.338511
0.1942 0.338609
0.1943 0.338707
0.1944 0.338804
0.1945 0.338902
0.1946 0.339
0.1947 0.339098
0.1948 0.339195
0.1949 0.339293
0.195 0.339391
0.1951 0.339489
0.1952 0.339586
0.1953 0.339684
0.1954 0.339782
0.1955 0.33988
0.1956 0.339978
0.1957 0.340075
0.1958 0.340173
0.1959 0.340271
0.196 0.340369
0.1961 0.340466
0.1962 0.340564
0.1963 0.340662
0.1964 0.34076
0.1965 0.340858
0.1966 0.340955
0.1967 0.341053
0.1968 0.341151
0.1969 0.341249
0.197 0.341347
0.1971 0.341444
0.1972 0.341542
0.1973 0.34164
0.1974 0.341738
0.1975 0.341836
0.1976 0.341934
0.1977 0.342031
0.1978 0.342129
0.1979 0.342227
0.198 0.342325
0.1981 0.342423
0.1982 0.342521
0.1983 0.342618
0.1984 0.342716
0.1985 0.342814
0.1986 0.342912
0.1987 0.34301
0.1988 0.343108
0.1989 0.343206
0.199 0.343303
0.1991 0.343401
0.1992 0.343499
0.1993 0.343597
0.1994 0.343695
0.1995 0.343793
0.1996 0.343891
0.1997 0.343988
0.1998 0.344086
0.1999 0.344184
0.2 0.344282
0.2001 0.34438
0.2002 0.344478
0.2003 0.344576
0.2004 0.344674
0.2005 0.344771
0.2006 0.344869
0.2007 0.344967
0.2008 0.345065
0.2009 0.345163
0.201 0.345261
0.2011 0.345359
0.2012 0.345457
0.2013 0.345555
0.2014 0.345653
0.2015 0.345751
0.2016 0.345848
0.2017 0.345946
0.2018 0.346044
0.2019 0.346142
0.202 0.34624
0.2021 0.346338
0.2022 0.346436
0.2023 0.346534
0.2024 0.346632
0.2025 0.34673
0.2026 0.346828
0.2027 0.346926
0.2028 0.347024
0.2029 0.347122
0.203 0.347219
0.2031 0.347317
0.2032 0.347415
0.2033 0.347513
0.2034 0.347611
0.2035 0.347709
0.2036 0.347807
0.2037 0.347905
0.2038 0.348003
0.2039 0.348101
0.204 0.348199
0.2041 0.348297
0.2042 0.348395
0.2043 0.348493
0.2044 0.348591
0.2045 0.348689
0.2046 0.348787
0.2047 0.348885
0.2048 0.348983
0.2049 0.349081
0.205 0.349179
0.2051 0.349277
0.2052 0.349375
0.2053 0.349473
0.2054 0.349571
0.2055 0.349669
0.2056 0.349767
0.2057 0.349865
0.2058 0.349963
0.2059 0.350061
0.206 0.350159
0.2061 0.350257
0.2062 0.350355
0.2063 0.350453
0.2064 0.350551
0.2065 0.350649
0.2066 0.350747
0.2067 0.350845
0.2068 0.350943
0.2069 0.351041
0.207 0.351139
0.2071 0.351237
0.2072 0.351335
0.2073 0.351433
0.2074 0.351531
0.2075 0.351629
0.2076 0.351727
0.2077 0.351825
0.2078 0.351923
0.2079 0.352021
0.208 0.35212
0.2081 0.352218
0.2082 0.352316
0.2083 0.352414
0.2084 0.352512
0.2085 0.35261
0.2086 0.352708
0.2087 0.352806
0.2088 0.352904
0.2089 0.353002
0.209 0.3531
0.2091 0.353198
0.2092 0.353296
0.2093 0.353394
0.2094 0.353493
0.2095 0.353591
0.2096 0.353689
0.2097 0.353787
0.2098 0.353885
0.2099 0.353983
0.21 0.354081
0.2101 0.354179
0.2102 0.354277
0.2103 0.354375
0.2104 0.354473
0.2105 0.354572
0.2106 0.35467
0.2107 0.354768
0.2108 0.354866
0.2109 0.354964
0.211 0.355062
0.2111 0.35516
0.2112 0.355258
0.2113 0.355357
0.2114 0.355455
0.2115 0.355553
0.2116 0.355651
0.2117 0.355749
0.2118 0.355847
0.2119 0.355945
0.212 0.356043
0.2121 0.356142
0.2122 0.35624
0.2123 0.356338
0.2124 0.356436
0.2125 0.356534
0.2126 0.356632
0.2127 0.35673
0.2128 0.356829
0.2129 0.356927
0.213 0.357025
0.2131 0.357123
0.2132 0.357221
0.2133 0.357319
0.2134 0.357418
0.2135 0.357516
0.2136 0.357614
0.2137 0.357712
0.2138 0.35781
0.2139 0.357908
0.214 0.358007
0.2141 0.358105
0.2142 0.358203
0.2143 0.358301
0.2144 0.358399
0.2145 0.358498
0.2146 0.358596
0.2147 0.358694
0.2148 0.358792
0.2149 0.35889
0.215 0.358989
0.2151 0.359087
0.2152 0.359185
0.2153 0.359283
0.2154 0.359381
0.2155 0.35948
0.2156 0.359578
0.2157 0.359676
0.2158 0.359774
0.2159 0.359872
0.216 0.359971
0.2161 0.360069
0.2162 0.360167
0.2163 0.360265
0.2164 0.360364
0.2165 0.360462
0.2166 0.36056
0.2167 0.360658
0.2168 0.360756
0.2169 0.360855
0.217 0.360953
0.2171 0.361051
0.2172 0.361149
0.2173 0.361248
0.2174 0.361346
0.2175 0.361444
0.2176 0.361542
0.2177 0.361641
0.2178 0.361739
0.2179 0.361837
0.218 0.361935
0.2181 0.362034
0.2182 0.362132
0.2183 0.36223
0.2184 0.362328
0.2185 0.362427
0.2186 0.362525
0.2187 0.362623
0.2188 0.362722
0.2189 0.36282
0.219 0.362918
0.2191 0.363016
0.2192 0.363115
0.2193 0.363213
0.2194 0.363311
0.2195 0.36341
0.2196 0.363508
0.2197 0.363606
0.2198 0.363704
0.2199 0.363803
0.22 0.363901
0.2201 0.363999
0.2202 0.364098
0.2203 0.364196
0.2204 0.364294
0.2205 0.364393
0.2206 0.364491
0.2207 0.364589
0.2208 0.364687
0.2209 0.364786
0.221 0.364884
0.2211 0.364982
0.2212 0.365081
0.2213 0.365179
0.2214 0.365277
0.2215 0.365376
0.2216 0.365474
0.2217 0.365572
0.2218 0.365671
0.2219 0.365769
0.222 0.365867
0.2221 0.365966
0.2222 0.366064
0.2223 0.366162
0.2224 0.366261
0.2225 0.366359
0.2226 0.366457
0.2227 0.366556
0.2228 0.366654
0.2229 0.366752
0.223 0.366851
0.2231 0.366949
0.2232 0.367048
0.2233 0.367146
0.2234 0.367244
0.2235 0.367343
0.2236 0.367441
0.2237 0.367539
0.2238 0.367638
0.2239 0.367736
0.224 0.367834
0.2241 0.367933
0.2242 0.368031
0.2243 0.36813
0.2244 0.368228
0.2245 0.368326
0.2246 0.368425
0.2247 0.368523
0.2248 0.368622
0.2249 0.36872
0.225 0.368818
0.2251 0.368917
0.2252 0.369015
0.2253 0.369113
0.2254 0.369212
0.2255 0.36931
0.2256 0.369409
0.2257 0.369507
0.2258 0.369605
0.2259 0.369704
0.226 0.369802
0.2261 0.369901
0.2262 0.369999
0.2263 0.370098
0.2264 0.370196
0.2265 0.370294
0.2266 0.370393
0.2267 0.370491
0.2268 0.37059
0.2269 0.370688
0.227 0.370787
0.2271 0.370885
0.2272 0.370983
0.2273 0.371082
0.2274 0.37118
0.2275 0.371279
0.2276 0.371377
0.2277 0.371476
0.2278 0.371574
0.2279 0.371672
0.228 0.371771
0.2281 0.371869
0.2282 0.371968
0.2283 0.372066
0.2284 0.372165
0.2285 0.372263
0.2286 0.372362
0.2287 0.37246
0.2288 0.372559
0.2289 0.372657
0.229 0.372755
0.2291 0.372854
0.2292 0.372952
0.2293 0.373051
0.2294 0.373149
0.2295 0.373248
0.2296 0.373346
0.2297 0.373445
0.2298 0.373543
0.2299 0.373642
0.23 0.37374
0.2301 0.373839
0.2302 0.373937
0.2303 0.374036
0.2304 0.374134
0.2305 0.374233
0.2306 0.374331
0.2307 0.37443
0.2308 0.374528
0.2309 0.374627
0.231 0.374725
0.2311 0.374824
0.2312 0.374922
0.2313 0.375021
0.2314 0.375119
0.2315 0.375218
0.2316 0.375316
0.2317 0.375415
0.2318 0.375513
0.2319 0.375612
0.232 0.37571
0.2321 0.375809
0.2322 0.375907
0.2323 0.376006
0.2324 0.376104
0.2325 0.376203
0.2326 0.376301
0.2327 0.3764
0.2328 0.376498
0.2329 0.376597
0.233 0.376695
0.2331 0.376794
0.2332 0.376893
0.2333 0.376991
0.2334 0.37709
0.2335 0.377188
0.2336 0.377287
0.2337 0.377385
0.2338 0.377484
0.2339 0.377582
0.234 0.377681
0.2341 0.377779
0.2342 0.377878
0.2343 0.377977
0.2344 0.378075
0.2345 0.378174
0.2346 0.378272
0.2347 0.378371
0.2348 0.378469
0.2349 0.378568
0.235 0.378666
0.2351 0.378765
0.2352 0.378864
0.2353 0.378962
0.2354 0.379061
0.2355 0.379159
0.2356 0.379258
0.2357 0.379356
0.2358 0.379455
0.2359 0.379554
0.236 0.379652
0.2361 0.379751
0.2362 0.379849
0.2363 0.379948
0.2364 0.380047
0.2365 0.380145
0.2366 0.380244
0.2367 0.380342
0.2368 0.380441
0.2369 0.38054
0.237 0.380638
0.2371 0.380737
0.2372 0.380835
0.2373 0.380934
0.2374 0.381033
0.2375 0.381131
0.2376 0.38123
0.2377 0.381328
0.2378 0.381427
0.2379 0.381526
0.238 0.381624
0.2381 0.381723
0.2382 0.381821
0.2383 0.38192
0.2384 0.382019
0.2385 0.382117
0.2386 0.382216
0.2387 0.382315
0.2388 0.382413
0.2389 0.382512
0.239 0.38261
0.2391 0.382709
0.2392 0.382808
0.2393 0.382906
0.2394 0.383005
0.2395 0.383104
0.2396 0.383202
0.2397 0.383301
0.2398 0.3834
0.2399 0.383498
0.24 0.383597
0.2401 0.383696
0.2402 0.383794
0.2403 0.383893
0.2404 0.383992
0.2405 0.38409
0.2406 0.384189
0.2407 0.384287
0.2408 0.384386
0.2409 0.384485
0.241 0.384583
0.2411 0.384682
0.2412 0.384781
0.2413 0.384879
0.2414 0.384978
0.2415 0.385077
0.2416 0.385175
0.2417 0.385274
0.2418 0.385373
0.2419 0.385472
0.242 0.38557
0.2421 0.385669
0.2422 0.385768
0.2423 0.385866
0.2424 0.385965
0.2425 0.386064
0.2426 0.386162
0.2427 0.386261
0.2428 0.38636
0.2429 0.386458
0.243 0.386557
0.2431 0.386656
0.2432 0.386754
0.2433 0.386853
0.2434 0.386952
0.2435 0.387051
0.2436 0.387149
0.2437 0.387248
0.2438 0.387347
0.2439 0.387445
0.244 0.387544
0.2441 0.387643
0.2442 0.387742
0.2443 0.38784
0.2444 0.387939
0.2445 0.388038
0.2446 0.388136
0.2447 0.388235
0.2448 0.388334
0.2449 0.388433
0.245 0.388531
0.2451 0.38863
0.2452 0.388729
0.2453 0.388827
0.2454 0.388926
0.2455 0.389025
0.2456 0.389124
0.2457 0.389222
0.2458 0.389321
0.2459 0.38942
0.246 0.389519
0.2461 0.389617
0.2462 0.389716
0.2463 0.389815
0.2464 0.389914
0.2465 0.390012
0.2466 0.390111
0.2467 0.39021
0.2468 0.390309
0.2469 0.390407
0.247 0.390506
0.2471 0.390605
0.2472 0.390704
0.2473 0.390802
0.2474 0.390901
0.2475 0.391
0.2476 0.391099
0.2477 0.391197
0.2478 0.391296
0.2479 0.391395
0.248 0.391494
0.2481 0.391593
0.2482 0.391691
0.2483 0.39179
0.2484 0.391889
0.2485 0.391988
0.2486 0.392086
0.2487 0.392185
0.2488 0.392284
0.2489 0.392383
0.249 0.392482
0.2491 0.39258
0.2492 0.392679
0.2493 0.392778
0.2494 0.392877
0.2495 0.392975
0.2496 0.393074
0.2497 0.393173
0.2498 0.393272
0.2499 0.393371
0.25 0.393469
0.2501 0.393568
0.2502 0.393667
0.2503 0.393766
0.2504 0.393865
0.2505 0.393963
0.2506 0.394062
0.2507 0.394161
0.2508 0.39426
0.2509 0.394359
0.251 0.394458
0.2511 0.394556
0.2512 0.394655
0.2513 0.394754
0.2514 0.394853
0.2515 0.394952
0.2516 0.39505
0.2517 0.395149
0.2518 0.395248
0.2519 0.395347
0.252 0.395446
0.2521 0.395545
0.2522 0.395643
0.2523 0.395742
0.2524 0.395841
0.2525 0.39594
0.2526 0.396039
0.2527 0.396138
0.2528 0.396236
0.2529 0.396335
0.253 0.396434
0.2531 0.396533
0.2532 0.396632
0.2533 0.396731
0.2534 0.396829
0.2535 0.396928
0.2536 0.397027
0.2537 0.397126
0.2538 0.397225
0.2539 0.397324
0.254 0.397423
0.2541 0.397521
0.2542 0.39762
0.2543 0.397719
0.2544 0.397818
0.2545 0.397917
0.2546 0.398016
0.2547 0.398115
0.2548 0.398213
0.2549 0.398312
0.255 0.398411
0.2551 0.39851
0.2552 0.398609
0.2553 0.398708
0.2554 0.398807
0.2555 0.398906
0.2556 0.399004
0.2557 0.399103
0.2558 0.399202
0.2559 0.399301
0.256 0.3994
0.2561 0.399499
0.2562 0.399598
0.2563 0.399697
0.2564 0.399795
0.2565 0.399894
0.2566 0.399993
0.2567 0.400092
0.2568 0.400191
0.2569 0.40029
0.257 0.400389
0.2571 0.400488
0.2572 0.400587
0.2573 0.400685
0.2574 0.400784
0.2575 0.400883
0.2576 0.400982
0.2577 0.401081
0.2578 0.40118
0.2579 0.401279
0.258 0.401378
0.2581 0.401477
0.2582 0.401576
0.2583 0.401675
0.2584 0.401773
0.2585 0.401872
0.2586 0.401971
0.2587 0.40207
0.2588 0.402169
0.2589 0.402268
0.259 0.402367
0.2591 0.402466
0.2592 0.402565
0.2593 0.402664
0.2594 0.402763
0.2595 0.402862
0.2596 0.40296
0.2597 0.403059
0.2598 0.403158
0.2599 0.403257
0.26 0.403356
0.2601 0.403455
0.2602 0.403554
0.2603 0.403653
0.2604 0.403752
0.2605 0.403851
0.2606 0.40395
0.2607 0.404049
0.2608 0.404148
0.2609 0.404247
0.261 0.404346
0.2611 0.404445
0.2612 0.404543
0.2613 0.404642
0.2614 0.404741
0.2615 0.40484
0.2616 0.404939
0.2617 0.405038
0.2618 0.405137
0.2619 0.405236
0.262 0.405335
0.2621 0.405434
0.2622 0.405533
0.2623 0.405632
0.2624 0.405731
0.2625 0.40583
0.2626 0.405929
0.2627 0.406028
0.2628 0.406127
0.2629 0.406226
0.263 0.406325
0.2631 0.406424
0.2632 0.406523
0.2633 0.406622
0.2634 0.406721
0.2635 0.40682
0.2636 0.406919
0.2637 0.407018
0.2638 0.407117
0.2639 0.407216
0.264 0.407314
0.2641 0.407413
0.2642 0.407512
0.2643 0.407611
0.2644 0.40771
0.2645 0.407809
0.2646 0.407908
0.2647 0.408007
0.2648 0.408106
0.2649 0.408205
0.265 0.408304
0.2651 0.408403
0.2652 0.408502
0.2653 0.408601
0.2654 0.4087
0.2655 0.408799
0.2656 0.408898
0.2657 0.408997
0.2658 0.409096
0.2659 0.409195
0.266 0.409294
0.2661 0.409393
0.2662 0.409492
0.2663 0.409591
0.2664 0.40969
0.2665 0.409789
0.2666 0.409888
0.2667 0.409987
0.2668 0.410086
0.2669 0.410185
0.267 0.410284
0.2671 0.410383
0.2672 0.410482
0.2673 0.410582
0.2674 0.410681
0.2675 0.41078
0.2676 0.410879
0.2677 0.410978
0.2678 0.411077
0.2679 0.411176
0.268 0.411275
0.2681 0.411374
0.2682 0.411473
0.2683 0.411572
0.2684 0.411671
0.2685 0.41177
0.2686 0.411869
0.2687 0.411968
0.2688 0.412067
0.2689 0.412166
0.269 0.412265
0.2691 0.412364
0.2692 0.412463
0.2693 0.412562
0.2694 0.412661
0.2695 0.41276
0.2696 0.412859
0.2697 0.412958
0.2698 0.413057
0.2699 0.413156
0.27 0.413255
0.2701 0.413354
0.2702 0.413454
0.2703 0.413553
0.2704 0.413652
0.2705 0.413751
0.2706 0.41385
0.2707 0.413949
0.2708 0.414048
0.2709 0.414147
0.271 0.414246
0.2711 0.414345
0.2712 0.414444
0.2713 0.414543
0.2714 0.414642
0.2715 0.414741
0.2716 0.41484
0.2717 0.414939
0.2718 0.415038
0.2719 0.415138
0.272 0.415237
0.2721 0.415336
0.2722 0.415435
0.2723 0.415534
0.2724 0.415633
0.2725 0.415732
0.2726 0.415831
0.2727 0.41593
0.2728 0.416029
0.2729 0.416128
0.273 0.416227
0.2731 0.416326
0.2732 0.416426
0.2733 0.416525
0.2734 0.416624
0.2735 0.416723
0.2736 0.416822
0.2737 0.416921
0.2738 0.41702
0.2739 0.417119
0.274 0.417218
0.2741 0.417317
0.2742 0.417416
0.2743 0.417516
0.2744 0.417615
0.2745 0.417714
0.2746 0.417813
0.2747 0.417912
0.2748 0.418011
0.2749 0.41811
0.275 0.418209
0.2751 0.418308
0.2752 0.418407
0.2753 0.418506
0.2754 0.418606
0.2755 0.418705
0.2756 0.418804
0.2757 0.418903
0.2758 0.419002
0.2759 0.419101
0.276 0.4192
0.2761 0.419299
0.2762 0.419398
0.2763 0.419498
0.2764 0.419597
0.2765 0.419696
0.2766 0.419795
0.2767 0.419894
0.2768 0.419993
0.2769 0.420092
0.277 0.420191
0.2771 0.420291
0.2772 0.42039
0.2773 0.420489
0.2774 0.420588
0.2775 0.420687
0.2776 0.420786
0.2777 0.420885
0.2778 0.420984
0.2779 0.421084
0.278 0.421183
0.2781 0.421282
0.2782 0.421381
0.2783 0.42148
0.2784 0.421579
0.2785 0.421678
0.2786 0.421777
0.2787 0.421877
0.2788 0.421976
0.2789 0.422075
0.279 0.422174
0.2791 0.422273
0.2792 0.422372
0.2793 0.422471
0.2794 0.422571
0.2795 0.42267
0.2796 0.422769
0.2797 0.422868
0.2798 0.422967
0.2799 0.423066
0.28 0.423165
0.2801 0.423265
0.2802 0.423364
0.2803 0.423463
0.2804 0.423562
0.2805 0.423661
0.2806 0.42376
0.2807 0.423859
0.2808 0.423959
0.2809 0.424058
0.281 0.424157
0.2811 0.424256
0.2812 0.424355
0.2813 0.424454
0.2814 0.424554
0.2815 0.424653
0.2816 0.424752
0.2817 0.424851
0.2818 0.42495
0.2819 0.425049
0.282 0.425149
0.2821 0.425248
0.2822 0.425347
0.2823 0.425446
0.2824 0.425545
0.2825 0.425644
0.2826 0.425744
0.2827 0.425843
0.2828 0.425942
0.2829 0.426041
0.283 0.42614
0.2831 0.426239
0.2832 0.426339
0.2833 0.426438
0.2834 0.426537
0.2835 0.426636
0.2836 0.426735
0.2837 0.426835
0.2838 0.426934
0.2839 0.427033
0.284 0.427132
0.2841 0.427231
0.2842 0.42733
0.2843 0.42743
0.2844 0.427529
0.2845 0.427628
0.2846 0.427727
0.2847 0.427826
0.2848 0.427926
0.2849 0.428025
0.285 0.428124
0.2851 0.428223
0.2852 0.428322
0.2853 0.428422
0.2854 0.428521
0.2855 0.42862
0.2856 0.428719
0.2857 0.428818
0.2858 0.428918
0.2859 0.429017
0.286 0.429116
0.2861 0.429215
0.2862 0.429314
0.2863 0.429414
0.2864 0.429513
0.2865 0.429612
0.2866 0.429711
0.2867 0.42981
0.2868 0.42991
0.2869 0.430009
0.287 0.430108
0.2871 0.430207
0.2872 0.430306
0.2873 0.430406
0.2874 0.430505
0.2875 0.430604
