0 0.150528
0.001 0.151563
0.002 0.152598
0.003 0.153634
0.004 0.15467
0.005 0.155706
0.006 0.156743
0.007 0.15778
0.008 0.158817
0.009 0.159855
0.01 0.160893
0.011 0.161932
0.012 0.162971
0.013 0.16401
0.014 0.165049
0.015 0.166089
0.016 0.167129
0.017 0.16817
0.018 0.169211
0.019 0.170252
0.02 0.171294
0.021 0.172335
0.022 0.173378
0.023 0.17442
0.024 0.175463
0.025 0.176507
0.026 0.17755
0.027 0.178594
0.028 0.179638
0.029 0.180683
0.03 0.181728
0.031 0.182773
0.032 0.183819
0.033 0.184865
0.034 0.185911
0.035 0.186958
0.036 0.188005
0.037 0.189052
0.038 0.190099
0.039 0.191147
0.04 0.192196
0.041 0.193244
0.042 0.194293
0.043 0.195342
0.044 0.196392
0.045 0.197442
0.046 0.198492
0.047 0.199542
0.048 0.200593
0.049 0.201644
0.05 0.202696
0.051 0.203747
0.052 0.204799
0.053 0.205852
0.054 0.206905
0.055 0.207958
0.056 0.209011
0.057 0.210065
0.058 0.211119
0.059 0.212173
0.06 0.213227
0.061 0.214282
0.062 0.215337
0.063 0.216393
0.064 0.217449
0.065 0.218505
0.066 0.219561
0.067 0.220618
0.068 0.221675
0.069 0.222732
0.07 0.22379
0.071 0.224848
0.072 0.225906
0.073 0.226964
0.074 0.228023
0.075 0.229082
0.076 0.230142
0.077 0.231201
0.078 0.232261
0.079 0.233322
0.08 0.234382
0.081 0.235443
0.082 0.236504
0.083 0.237566
0.084 0.238627
0.085 0.239689
0.086 0.240752
0.087 0.241814
0.088 0.242877
0.089 0.24394
0.09 0.245004
0.091 0.246067
0.092 0.247131
0.093 0.248196
0.094 0.24926
0.095 0.250325
0.096 0.25139
0.097 0.252456
0.098 0.253521
0.099 0.254587
0.1 0.255654
0.101 0.25672
0.102 0.257787
0.103 0.258854
0.104 0.259921
0.105 0.260989
0.106 0.262057
0.107 0.263125
0.108 0.264193
0.109 0.265262
0.11 0.266331
0.111 0.2674
0.112 0.26847
0.113 0.269539
0.114 0.270609
0.115 0.27168
0.116 0.27275
0.117 0.273821
0.118 0.274892
0.119 0.275963
0.12 0.277035
0.121 0.278107
0.122 0.279179
0.123 0.280251
0.124 0.281324
0.125 0.282397
0.126 0.28347
0.127 0.284543
0.128 0.285617
0.129 0.28669
0.13 0.287765
0.131 0.288839
0.132 0.289914
0.133 0.290988
0.134 0.292064
0.135 0.293139
0.136 0.294214
0.137 0.29529
0.138 0.296366
0.139 0.297443
0.14 0.298519
0.141 0.299596
0.142 0.300673
0.143 0.301751
0.144 0.302828
0.145 0.303906
0.146 0.304984
0.147 0.306062
0.148 0.307141
0.149 0.308219
0.15 0.309298
0.151 0.310377
0.152 0.311457
0.153 0.312537
0.154 0.313616
0.155 0.314697
0.156 0.315777
0.157 0.316857
0.158 0.317938
0.159 0.319019
0.16 0.320101
0.161 0.321182
0.162 0.322264
0.163 0.323346
0.164 0.324428
0.165 0.32551
0.166 0.326593
0.167 0.327676
0.168 0.328759
0.169 0.329842
0.17 0.330925
0.171 0.332009
0.172 0.333093
0.173 0.334177
0.174 0.335261
0.175 0.336346
0.176 0.337431
0.177 0.338516
0.178 0.339601
0.179 0.340686
0.18 0.341772
0.181 0.342858
0.182 0.343944
0.183 0.34503
0.184 0.346116
0.185 0.347203
0.186 0.34829
0.187 0.349377
0.188 0.350464
0.189 0.351552
0.19 0.352639
0.191 0.353727
0.192 0.354815
0.193 0.355903
0.194 0.356992
0.195 0.358081
0.196 0.359169
0.197 0.360258
0.198 0.361348
0.199 0.362437
0.2 0.363527
0.201 0.364617
0.202 0.365707
0.203 0.366797
0.204 0.367887
0.205 0.368978
0.206 0.370068
0.207 0.371159
0.208 0.372251
0.209 0.373342
0.21 0.374433
0.211 0.375525
0.212 0.376617
0.213 0.377709
0.214 0.378801
0.215 0.379894
0.216 0.380986
0.217 0.382079
0.218 0.383172
0.219 0.384265
0.22 0.385358
0.221 0.386452
0.222 0.387546
0.223 0.388639
0.224 0.389733
0.225 0.390828
0.226 0.391922
0.227 0.393016
0.228 0.394111
0.229 0.395206
0.23 0.396301
0.231 0.397396
0.232 0.398492
0.233 0.399587
0.234 0.400683
0.235 0.401779
0.236 0.402875
0.237 0.403971
0.238 0.405067
0.239 0.406164
0.24 0.40726
0.241 0.408357
0.242 0.409454
0.243 0.410551
0.244 0.411649
0.245 0.412746
0.246 0.413844
0.247 0.414941
0.248 0.416039
0.249 0.417137
0.25 0.418236
0.251 0.419334
0.252 0.420433
0.253 0.421531
0.254 0.42263
0.255 0.423729
0.256 0.424828
0.257 0.425927
0.258 0.427027
0.259 0.428126
0.26 0.429226
0.261 0.430326
0.262 0.431426
0.263 0.432526
0.264 0.433626
0.265 0.434727
0.266 0.435827
0.267 0.436928
0.268 0.438029
0.269 0.43913
0.27 0.440231
0.271 0.441332
0.272 0.442433
0.273 0.443535
0.274 0.444636
0.275 0.445738
0.276 0.44684
0.277 0.447942
0.278 0.449044
0.279 0.450146
0.28 0.451249
0.281 0.452351
0.282 0.453454
0.283 0.454557
0.284 0.455659
0.285 0.456762
0.286 0.457866
0.287 0.458969
0.288 0.460072
0.289 0.461176
0.29 0.462279
0.291 0.463383
0.292 0.464487
0.293 0.465591
0.294 0.466695
0.295 0.467799
0.296 0.468903
0.297 0.470008
0.298 0.471112
0.299 0.472217
0.3 0.473322
0.301 0.474427
0.302 0.475532
0.303 0.476637
0.304 0.477742
0.305 0.478847
0.306 0.479953
0.307 0.481058
0.308 0.482164
0.309 0.483269
0.31 0.484375
0.311 0.485481
0.312 0.486587
0.313 0.487693
0.314 0.4888
0.315 0.489906
0.316 0.491012
0.317 0.492119
0.318 0.493225
0.319 0.494332
0.32 0.495439
0.321 0.496546
0.322 0.497653
0.323 0.49876
0.324 0.499867
0.325 0.500974
0.326 0.502082
0.327 0.503189
0.328 0.504296
0.329 0.505404
0.33 0.506512
0.331 0.50762
0.332 0.508727
0.333 0.509835
0.334 0.510943
0.335 0.512051
0.336 0.51316
0.337 0.514268
0.338 0.515376
0.339 0.516485
0.34 0.517593
0.341 0.518702
0.342 0.51981
0.343 0.520919
0.344 0.522028
0.345 0.523137
0.346 0.524246
0.347 0.525355
0.348 0.526464
0.349 0.527573
0.35 0.528682
0.351 0.529791
0.352 0.530901
0.353 0.53201
0.354 0.53312
0.355 0.534229
0.356 0.535339
0.357 0.536449
0.358 0.537558
0.359 0.538668
0.36 0.539778
0.361 0.540888
0.362 0.541998
0.363 0.543108
0.364 0.544218
0.365 0.545328
0.366 0.546439
0.367 0.547549
0.368 0.548659
0.369 0.54977
0.37 0.55088
0.371 0.55199
0.372 0.553101
0.373 0.554212
0.374 0.555322
0.375 0.556433
0.376 0.557544
0.377 0.558654
0.378 0.559765
0.379 0.560876
0.38 0.561987
0.381 0.563098
0.382 0.564209
0.383 0.56532
0.384 0.566431
0.385 0.567542
0.386 0.568653
0.387 0.569765
0.388 0.570876
0.389 0.571987
0.39 0.573099
0.391 0.57421
0.392 0.575321
0.393 0.576433
0.394 0.577544
0.395 0.578656
0.396 0.579767
0.397 0.580879
0.398 0.58199
0.399 0.583102
0.4 0.584214
0.401 0.585325
0.402 0.586437
0.403 0.587549
0.404 0.58866
0.405 0.589772
0.406 0.590884
0.407 0.591996
0.408 0.593107
0.409 0.594219
0.41 0.595331
0.411 0.596443
0.412 0.597555
0.413 0.598667
0.414 0.599779
0.415 0.600891
0.416 0.602003
0.417 0.603115
0.418 0.604227
0.419 0.605339
0.42 0.606451
0.421 0.607563
0.422 0.608675
0.423 0.609787
0.424 0.610899
0.425 0.612011
0.426 0.613123
0.427 0.614235
0.428 0.615347
0.429 0.616459
0.43 0.617571
0.431 0.618684
0.432 0.619796
0.433 0.620908
0.434 0.62202
0.435 0.623132
0.436 0.624244
0.437 0.625356
0.438 0.626468
0.439 0.62758
0.44 0.628692
0.441 0.629804
0.442 0.630916
0.443 0.632028
0.444 0.633141
0.445 0.634253
0.446 0.635365
0.447 0.636477
0.448 0.637589
0.449 0.638701
0.45 0.639813
0.451 0.640925
0.452 0.642037
0.453 0.643148
0.454 0.64426
0.455 0.645372
0.456 0.646484
0.457 0.647596
0.458 0.648708
0.459 0.64982
0.46 0.650931
0.461 0.652043
0.462 0.653155
0.463 0.654267
0.464 0.655378
0.465 0.65649
0.466 0.657602
0.467 0.658713
0.468 0.659825
0.469 0.660937
0.47 0.662048
0.471 0.66316
0.472 0.664271
0.473 0.665383
0.474 0.666494
0.475 0.667605
0.476 0.668717
0.477 0.669828
0.478 0.670939
0.479 0.67205
0.48 0.673162
0.481 0.674273
0.482 0.675384
0.483 0.676495
0.484 0.677606
0.485 0.678717
0.486 0.679828
0.487 0.680939
0.488 0.68205
0.489 0.683161
0.49 0.684271
0.491 0.685382
0.492 0.686493
0.493 0.687603
0.494 0.688714
0.495 0.689824
0.496 0.690935
0.497 0.692045
0.498 0.693156
0.499 0.694266
0.5 0.695376
0.501 0.696486
0.502 0.697597
0.503 0.698707
0.504 0.699817
0.505 0.700927
0.506 0.702037
0.507 0.703146
0.508 0.704256
0.509 0.705366
0.51 0.706476
0.511 0.707585
0.512 0.708695
0.513 0.709804
0.514 0.710914
0.515 0.712023
0.516 0.713132
0.517 0.714242
0.518 0.715351
0.519 0.71646
0.52 0.717569
0.521 0.718678
0.522 0.719786
0.523 0.720895
0.524 0.722004
0.525 0.723113
0.526 0.724221
0.527 0.72533
0.528 0.726438
0.529 0.727546
0.53 0.728655
0.531 0.729763
0.532 0.730871
0.533 0.731979
0.534 0.733087
0.535 0.734195
0.536 0.735302
0.537 0.73641
0.538 0.737517
0.539 0.738625
0.54 0.739732
0.541 0.74084
0.542 0.741947
0.543 0.743054
0.544 0.744161
0.545 0.745268
0.546 0.746375
0.547 0.747482
0.548 0.748588
0.549 0.749695
0.55 0.750801
0.551 0.751908
0.552 0.753014
0.553 0.75412
0.554 0.755226
0.555 0.756332
0.556 0.757438
0.557 0.758544
0.558 0.75965
0.559 0.760755
0.56 0.761861
0.561 0.762966
0.562 0.764071
0.563 0.765176
0.564 0.766281
0.565 0.767386
0.566 0.768491
0.567 0.769596
0.568 0.770701
0.569 0.771805
0.57 0.772909
0.571 0.774014
0.572 0.775118
0.573 0.776222
0.574 0.777326
0.575 0.77843
0.576 0.779533
0.577 0.780637
0.578 0.78174
0.579 0.782844
0.58 0.783947
0.581 0.78505
0.582 0.786153
0.583 0.787256
0.584 0.788359
0.585 0.789461
0.586 0.790564
0.587 0.791666
0.588 0.792768
0.589 0.79387
0.59 0.794972
0.591 0.796074
0.592 0.797176
0.593 0.798277
0.594 0.799379
0.595 0.80048
0.596 0.801581
0.597 0.802682
0.598 0.803783
0.599 0.804884
0.6 0.805985
0.601 0.807085
0.602 0.808186
0.603 0.809286
0.604 0.810386
0.605 0.811486
0.606 0.812586
0.607 0.813685
0.608 0.814785
0.609 0.815884
0.61 0.816983
0.611 0.818082
0.612 0.819181
0.613 0.82028
0.614 0.821379
0.615 0.822477
0.616 0.823575
0.617 0.824674
0.618 0.825772
0.619 0.826869
0.62 0.827967
0.621 0.829065
0.622 0.830162
0.623 0.831259
0.624 0.832356
0.625 0.833453
0.626 0.83455
0.627 0.835647
0.628 0.836743
0.629 0.83784
0.63 0.838936
0.631 0.840032
0.632 0.841127
0.633 0.842223
0.634 0.843319
0.635 0.844414
0.636 0.845509
0.637 0.846604
0.638 0.847699
0.639 0.848793
0.64 0.849888
0.641 0.850982
0.642 0.852076
0.643 0.85317
0.644 0.854264
0.645 0.855358
0.646 0.856451
0.647 0.857544
0.648 0.858637
0.649 0.85973
0.65 0.860823
0.651 0.861916
0.652 0.863008
0.653 0.8641
0.654 0.865192
0.655 0.866284
0.656 0.867376
0.657 0.868467
0.658 0.869558
0.659 0.870649
0.66 0.87174
0.661 0.872831
0.662 0.873921
0.663 0.875012
0.664 0.876102
0.665 0.877192
0.666 0.878282
0.667 0.879371
0.668 0.880461
0.669 0.88155
0.67 0.882639
0.671 0.883727
0.672 0.884816
0.673 0.885904
0.674 0.886993
0.675 0.888081
0.676 0.889168
0.677 0.890256
0.678 0.891343
0.679 0.892431
0.68 0.893518
0.681 0.894604
0.682 0.895691
0.683 0.896777
0.684 0.897863
0.685 0.898949
0.686 0.900035
0.687 0.901121
0.688 0.902206
0.689 0.903291
0.69 0.904376
0.691 0.905461
0.692 0.906545
0.693 0.907629
0.694 0.908714
0.695 0.909797
0.696 0.910881
0.697 0.911964
0.698 0.913048
0.699 0.914131
0.7 0.915213
0.701 0.916296
0.702 0.917378
0.703 0.91846
0.704 0.919542
0.705 0.920624
0.706 0.921705
0.707 0.922786
0.708 0.923867
0.709 0.924948
0.71 0.926028
0.711 0.927109
0.712 0.928189
0.713 0.929269
0.714 0.930348
0.715 0.931428
0.716 0.932507
0.717 0.933586
0.718 0.934664
0.719 0.935743
0.72 0.936821
0.721 0.937899
0.722 0.938976
0.723 0.940054
0.724 0.941131
0.725 0.942208
0.726 0.943285
0.727 0.944361
0.728 0.945438
0.729 0.946514
0.73 0.947589
0.731 0.948665
0.732 0.94974
0.733 0.950815
0.734 0.95189
0.735 0.952965
0.736 0.954039
0.737 0.955113
0.738 0.956187
0.739 0.95726
0.74 0.958334
0.741 0.959407
0.742 0.960479
0.743 0.961552
0.744 0.962624
0.745 0.963696
0.746 0.964768
0.747 0.965839
0.748 0.966911
0.749 0.967982
0.75 0.969052
0.751 0.970123
0.752 0.971193
0.753 0.972263
0.754 0.973332
0.755 0.974402
0.756 0.975471
0.757 0.97654
0.758 0.977608
0.759 0.978677
0.76 0.979745
0.761 0.980813
0.762 0.98188
0.763 0.982947
0.764 0.984014
0.765 0.985081
0.766 0.986147
0.767 0.987214
0.768 0.988279
0.769 0.989345
0.77 0.99041
0.771 0.991475
0.772 0.99254
0.773 0.993605
0.774 0.994669
0.775 0.995733
0.776 0.996796
0.777 0.99786
0.778 0.998923
0.779 0.999986
0.78 1.00105
0.781 1.00211
0.782 1.00317
0.783 1.00423
0.784 1.0053
0.785 1.00636
0.786 1.00742
0.787 1.00848
0.788 1.00954
0.789 1.0106
0.79 1.01166
0.791 1.01272
0.792 1.01378
0.793 1.01483
0.794 1.01589
0.795 1.01695
0.796 1.01801
0.797 1.01907
0.798 1.02012
0.799 1.02118
