0.0915 0.0896024
0.0916 0.0897014
0.0917 0.0898004
0.0918 0.0898995
0.0919 0.0899985
0.092 0.0900975
0.0921 0.0901965
0.0922 0.0902955
0.0923 0.0903945
0.0924 0.0904936
0.0925 0.0905926
0.0926 0.0906916
0.0927 0.0907906
0.0928 0.0908896
0.0929 0.0909886
0.093 0.0910876
0.0931 0.0911865
0.0932 0.0912855
0.0933 0.0913845
0.0934 0.0914835
0.0935 0.0915825
0.0936 0.0916815
0.0937 0.0917804
0.0938 0.0918794
0.0939 0.0919784
0.094 0.0920773
0.0941 0.0921763
0.0942 0.0922753
0.0943 0.0923742
0.0944 0.0924732
0.0945 0.0925721
0.0946 0.0926711
0.0947 0.09277
0.0948 0.092869
0.0949 0.0929679
0.095 0.0930668
0.0951 0.0931658
0.0952 0.0932647
0.0953 0.0933636
0.0954 0.0934626
0.0955 0.0935615
0.0956 0.0936604
0.0957 0.0937593
0.0958 0.0938582
0.0959 0.0939572
0.096 0.0940561
0.0961 0.094155
0.0962 0.0942539
0.0963 0.0943528
0.0964 0.0944517
0.0965 0.0945506
0.0966 0.0946495
0.0967 0.0947484
0.0968 0.0948473
0.0969 0.0949461
0.097 0.095045
0.0971 0.0951439
0.0972 0.0952428
0.0973 0.0953417
0.0974 0.0954405
0.0975 0.0955394
0.0976 0.0956383
0.0977 0.0957371
0.0978 0.095836
0.0979 0.0959349
0.098 0.0960337
0.0981 0.0961326
0.0982 0.0962314
0.0983 0.0963303
0.0984 0.0964291
0.0985 0.096528
0.0986 0.0966268
0.0987 0.0967256
0.0988 0.0968245
0.0989 0.0969233
0.099 0.0970221
0.0991 0.097121
0.0992 0.0972198
0.0993 0.0973186
0.0994 0.0974174
0.0995 0.0975162
0.0996 0.0976151
0.0997 0.0977139
0.0998 0.0978127
0.0999 0.0979115
0.1 0.0980103
0.1001 0.0981091
0.1002 0.0982079
0.1003 0.0983067
0.1004 0.0984055
0.1005 0.0985043
0.1006 0.098603
0.1007 0.0987018
0.1008 0.0988006
0.1009 0.0988994
0.101 0.0989982
0.1011 0.0990969
0.1012 0.0991957
0.1013 0.0992945
0.1014 0.0993932
0.1015 0.099492
0.1016 0.0995907
0.1017 0.0996895
0.1018 0.0997883
0.1019 0.099887
0.102 0.0999858
0.1021 0.100084
0.1022 0.100183
0.1023 0.100282
0.1024 0.100381
0.1025 0.100479
0.1026 0.100578
0.1027 0.100677
0.1028 0.100776
0.1029 0.100874
0.103 0.100973
0.1031 0.101072
0.1032 0.101171
0.1033 0.101269
0.1034 0.101368
0.1035 0.101467
0.1036 0.101565
0.1037 0.101664
0.1038 0.101763
0.1039 0.101861
0.104 0.10196
0.1041 0.102059
0.1042 0.102158
0.1043 0.102256
0.1044 0.102355
0.1045 0.102454
0.1046 0.102552
0.1047 0.102651
0.1048 0.10275
0.1049 0.102848
0.105 0.102947
0.1051 0.103046
0.1052 0.103144
0.1053 0.103243
0.1054 0.103342
0.1055 0.10344
0.1056 0.103539
0.1057 0.103638
0.1058 0.103736
0.1059 0.103835
0.106 0.103933
0.1061 0.104032
0.1062 0.104131
0.1063 0.104229
0.1064 0.104328
0.1065 0.104427
0.1066 0.104525
0.1067 0.104624
0.1068 0.104722
0.1069 0.104821
0.107 0.10492
0.1071 0.105018
0.1072 0.105117
0.1073 0.105215
0.1074 0.105314
0.1075 0.105413
0.1076 0.105511
0.1077 0.10561
0.1078 0.105708
0.1079 0.105807
0.108 0.105906
0.1081 0.106004
0.1082 0.106103
0.1083 0.106201
0.1084 0.1063
0.1085 0.106399
0.1086 0.106497
0.1087 0.106596
0.1088 0.106694
0.1089 0.106793
0.109 0.106891
0.1091 0.10699
0.1092 0.107088
0.1093 0.107187
0.1094 0.107286
0.1095 0.107384
0.1096 0.107483
0.1097 0.107581
0.1098 0.10768
0.1099 0.107778
0.11 0.107877
0.1101 0.107975
0.1102 0.108074
0.1103 0.108172
0.1104 0.108271
0.1105 0.108369
0.1106 0.108468
0.1107 0.108566
0.1108 0.108665
0.1109 0.108763
0.111 0.108862
0.1111 0.10896
0.1112 0.109059
0.1113 0.109157
0.1114 0.109256
0.1115 0.109354
0.1116 0.109453
0.1117 0.109551
0.1118 0.10965
0.1119 0.109748
0.112 0.109847
0.1121 0.109945
0.1122 0.110044
0.1123 0.110142
0.1124 0.110241
0.1125 0.110339
0.1126 0.110438
0.1127 0.110536
0.1128 0.110634
0.1129 0.110733
0.113 0.110831
0.1131 0.11093
0.1132 0.111028
0.1133 0.111127
0.1134 0.111225
0.1135 0.111324
0.1136 0.111422
0.1137 0.11152
0.1138 0.111619
0.1139 0.111717
0.114 0.111816
0.1141 0.111914
0.1142 0.112013
0.1143 0.112111
0.1144 0.112209
0.1145 0.112308
0.1146 0.112406
0.1147 0.112505
0.1148 0.112603
0.1149 0.112701
0.115 0.1128
0.1151 0.112898
0.1152 0.112997
0.1153 0.113095
0.1154 0.113193
0.1155 0.113292
0.1156 0.11339
0.1157 0.113488
0.1158 0.113587
0.1159 0.113685
0.116 0.113784
0.1161 0.113882
0.1162 0.11398
0.1163 0.114079
0.1164 0.114177
0.1165 0.114275
0.1166 0.114374
0.1167 0.114472
0.1168 0.11457
0.1169 0.114669
0.117 0.114767
0.1171 0.114865
0.1172 0.114964
0.1173 0.115062
0.1174 0.11516
0.1175 0.115259
0.1176 0.115357
0.1177 0.115455
0.1178 0.115554
0.1179 0.115652
0.118 0.11575
0.1181 0.115849
0.1182 0.115947
0.1183 0.116045
0.1184 0.116144
0.1185 0.116242
0.1186 0.11634
0.1187 0.116438
0.1188 0.116537
0.1189 0.116635
0.119 0.116733
0.1191 0.116832
0.1192 0.11693
0.1193 0.117028
0.1194 0.117126
0.1195 0.117225
0.1196 0.117323
0.1197 0.117421
0.1198 0.117519
0.1199 0.117618
0.12 0.117716
0.1201 0.117814
0.1202 0.117912
0.1203 0.118011
0.1204 0.118109
0.1205 0.118207
0.1206 0.118305
0.1207 0.118404
0.1208 0.118502
0.1209 0.1186
0.121 0.118698
0.1211 0.118797
0.1212 0.118895
0.1213 0.118993
0.1214 0.119091
0.1215 0.11919
0.1216 0.119288
0.1217 0.119386
0.1218 0.119484
0.1219 0.119582
0.122 0.119681
0.1221 0.119779
0.1222 0.119877
0.1223 0.119975
0.1224 0.120073
0.1225 0.120172
0.1226 0.12027
0.1227 0.120368
0.1228 0.120466
0.1229 0.120564
0.123 0.120662
0.1231 0.120761
0.1232 0.120859
0.1233 0.120957
0.1234 0.121055
0.1235 0.121153
0.1236 0.121251
0.1237 0.12135
0.1238 0.121448
0.1239 0.121546
0.124 0.121644
0.1241 0.121742
0.1242 0.12184
0.1243 0.121938
0.1244 0.122037
0.1245 0.122135
0.1246 0.122233
0.1247 0.122331
0.1248 0.122429
0.1249 0.122527
0.125 0.122625
0.1251 0.122724
0.1252 0.122822
0.1253 0.12292
0.1254 0.123018
0.1255 0.123116
0.1256 0.123214
0.1257 0.123312
0.1258 0.12341
0.1259 0.123508
0.126 0.123606
0.1261 0.123705
0.1262 0.123803
0.1263 0.123901
0.1264 0.123999
0.1265 0.124097
0.1266 0.124195
0.1267 0.124293
0.1268 0.124391
0.1269 0.124489
0.127 0.124587
0.1271 0.124685
0.1272 0.124783
0.1273 0.124881
0.1274 0.124979
0.1275 0.125078
0.1276 0.125176
0.1277 0.125274
0.1278 0.125372
0.1279 0.12547
0.128 0.125568
0.1281 0.125666
0.1282 0.125764
0.1283 0.125862
0.1284 0.12596
0.1285 0.126058
0.1286 0.126156
0.1287 0.126254
0.1288 0.126352
0.1289 0.12645
0.129 0.126548
0.1291 0.126646
0.1292 0.126744
0.1293 0.126842
0.1294 0.12694
0.1295 0.127038
0.1296 0.127136
0.1297 0.127234
0.1298 0.127332
0.1299 0.12743
0.13 0.127528
0.1301 0.127626
0.1302 0.127724
0.1303 0.127822
0.1304 0.12792
0.1305 0.128018
0.1306 0.128116
0.1307 0.128214
0.1308 0.128312
0.1309 0.12841
0.131 0.128508
0.1311 0.128606
0.1312 0.128704
0.1313 0.128802
0.1314 0.1289
0.1315 0.128997
0.1316 0.129095
0.1317 0.129193
0.1318 0.129291
0.1319 0.129389
0.132 0.129487
0.1321 0.129585
0.1322 0.129683
0.1323 0.129781
0.1324 0.129879
0.1325 0.129977
0.1326 0.130075
0.1327 0.130173
0.1328 0.13027
0.1329 0.130368
0.133 0.130466
0.1331 0.130564
0.1332 0.130662
0.1333 0.13076
0.1334 0.130858
0.1335 0.130956
0.1336 0.131054
0.1337 0.131152
0.1338 0.131249
0.1339 0.131347
0.134 0.131445
0.1341 0.131543
0.1342 0.131641
0.1343 0.131739
0.1344 0.131837
0.1345 0.131935
0.1346 0.132032
0.1347 0.13213
0.1348 0.132228
0.1349 0.132326
0.135 0.132424
0.1351 0.132522
0.1352 0.132619
0.1353 0.132717
0.1354 0.132815
0.1355 0.132913
0.1356 0.133011
0.1357 0.133109
0.1358 0.133206
0.1359 0.133304
0.136 0.133402
0.1361 0.1335
0.1362 0.133598
0.1363 0.133696
0.1364 0.133793
0.1365 0.133891
0.1366 0.133989
0.1367 0.134087
0.1368 0.134185
0.1369 0.134282
0.137 0.13438
0.1371 0.134478
0.1372 0.134576
0.1373 0.134674
0.1374 0.134771
0.1375 0.134869
0.1376 0.134967
0.1377 0.135065
0.1378 0.135162
0.1379 0.13526
0.138 0.135358
0.1381 0.135456
0.1382 0.135554
0.1383 0.135651
0.1384 0.135749
0.1385 0.135847
0.1386 0.135945
0.1387 0.136042
0.1388 0.13614
0.1389 0.136238
0.139 0.136336
0.1391 0.136433
0.1392 0.136531
0.1393 0.136629
0.1394 0.136726
0.1395 0.136824
0.1396 0.136922
0.1397 0.13702
0.1398 0.137117
0.1399 0.137215
0.14 0.137313
0.1401 0.13741
0.1402 0.137508
0.1403 0.137606
0.1404 0.137704
0.1405 0.137801
0.1406 0.137899
0.1407 0.137997
0.1408 0.138094
0.1409 0.138192
0.141 0.13829
0.1411 0.138387
0.1412 0.138485
0.1413 0.138583
0.1414 0.13868
0.1415 0.138778
