0.0816 0.242271
0.0826 0.243248
0.0836 0.244225
0.0846 0.245201
0.0856 0.246177
0.0866 0.247153
0.0876 0.248129
0.0886 0.249104
0.0896 0.25008
0.0906 0.251055
0.0916 0.252029
0.0926 0.253004
0.0936 0.253978
0.0946 0.254952
0.0956 0.255926
0.0966 0.256899
0.0976 0.257872
0.0986 0.258845
0.0996 0.259818
0.1006 0.26079
0.1016 0.261763
0.1026 0.262735
0.1036 0.263706
0.1046 0.264678
0.1056 0.265649
0.1066 0.26662
0.1076 0.267591
0.1086 0.268561
0.1096 0.269532
0.1106 0.270501
0.1116 0.271471
0.1126 0.272441
0.1136 0.27341
0.1146 0.274379
0.1156 0.275348
0.1166 0.276316
0.1176 0.277284
0.1186 0.278252
0.1196 0.27922
0.1206 0.280187
0.1216 0.281155
0.1226 0.282122
0.1236 0.283088
0.1246 0.284055
0.1256 0.285021
0.1266 0.285987
0.1276 0.286952
0.1286 0.287918
0.1296 0.288883
0.1306 0.289848
0.1316 0.290813
0.1326 0.291777
0.1336 0.292741
0.1346 0.293705
0.1356 0.294669
0.1366 0.295632
0.1376 0.296595
0.1386 0.297558
0.1396 0.298521
0.1406 0.299483
0.1416 0.300445
0.1426 0.301407
0.1436 0.302368
0.1446 0.30333
0.1456 0.304291
0.1466 0.305251
0.1476 0.306212
0.1486 0.307172
0.1496 0.308132
0.1506 0.309092
0.1516 0.310051
0.1526 0.311011
0.1536 0.31197
0.1546 0.312928
0.1556 0.313887
0.1566 0.314845
0.1576 0.315803
0.1586 0.31676
0.1596 0.317718
0.1606 0.318675
0.1616 0.319632
0.1626 0.320588
0.1636 0.321544
0.1646 0.3225
0.1656 0.323456
0.1666 0.324412
0.1676 0.325367
0.1686 0.326322
0.1696 0.327277
0.1706 0.328231
0.1716 0.329185
0.1726 0.330139
0.1736 0.331093
0.1746 0.332046
0.1756 0.332999
0.1766 0.333952
0.1776 0.334904
0.1786 0.335857
0.1796 0.336809
0.1806 0.33776
0.1816 0.338712
0.1826 0.339663
0.1836 0.340614
0.1846 0.341565
0.1856 0.342515
0.1866 0.343465
0.1876 0.344415
0.1886 0.345364
0.1896 0.346314
0.1906 0.347263
0.1916 0.348211
0.1926 0.34916
0.1936 0.350108
0.1946 0.351056
0.1956 0.352004
0.1966 0.352951
0.1976 0.353898
0.1986 0.354845
0.1996 0.355791
0.2006 0.356738
0.2016 0.357683
0.2026 0.358629
0.2036 0.359575
0.2046 0.36052
0.2056 0.361465
0.2066 0.362409
0.2076 0.363353
0.2086 0.364297
0.2096 0.365241
0.2106 0.366184
0.2116 0.367128
0.2126 0.368071
0.2136 0.369013
0.2146 0.369955
0.2156 0.370897
0.2166 0.371839
0.2176 0.372781
0.2186 0.373722
0.2196 0.374663
0.2206 0.375603
0.2216 0.376544
0.2226 0.377484
0.2236 0.378423
0.2246 0.379363
0.2256 0.380302
0.2266 0.381241
0.2276 0.382179
0.2286 0.383118
