0 0.133758
0.001 0.134838
0.002 0.135918
0.003 0.137
0.004 0.138082
0.005 0.139166
0.006 0.14025
0.007 0.141335
0.008 0.142422
0.009 0.143509
0.01 0.144597
0.011 0.145686
0.012 0.146776
0.013 0.147867
0.014 0.148959
0.015 0.150051
0.016 0.151145
0.017 0.15224
0.018 0.153335
0.019 0.154431
0.02 0.155528
0.021 0.156627
0.022 0.157725
0.023 0.158825
0.024 0.159926
0.025 0.161027
0.026 0.16213
0.027 0.163233
0.028 0.164337
0.029 0.165442
0.03 0.166548
0.031 0.167654
0.032 0.168762
0.033 0.16987
0.034 0.170979
0.035 0.172089
0.036 0.173199
0.037 0.174311
0.038 0.175423
0.039 0.176536
0.04 0.17765
0.041 0.178764
0.042 0.179879
0.043 0.180995
0.044 0.182112
0.045 0.18323
0.046 0.184348
0.047 0.185467
0.048 0.186587
0.049 0.187708
0.05 0.188829
0.051 0.189951
0.052 0.191074
0.053 0.192197
0.054 0.193321
0.055 0.194446
0.056 0.195572
0.057 0.196698
0.058 0.197825
0.059 0.198953
0.06 0.200081
0.061 0.20121
0.062 0.20234
0.063 0.20347
0.064 0.204601
0.065 0.205733
0.066 0.206865
0.067 0.207998
0.068 0.209131
0.069 0.210266
0.07 0.2114
0.071 0.212536
0.072 0.213672
0.073 0.214809
0.074 0.215946
0.075 0.217084
0.076 0.218222
0.077 0.219361
0.078 0.220501
0.079 0.221641
0.08 0.222782
0.081 0.223923
0.082 0.225065
0.083 0.226208
0.084 0.227351
0.085 0.228495
0.086 0.229639
0.087 0.230784
0.088 0.231929
0.089 0.233075
0.09 0.234221
0.091 0.235368
0.092 0.236515
0.093 0.237663
0.094 0.238811
0.095 0.23996
0.096 0.24111
0.097 0.24226
0.098 0.24341
0.099 0.244561
0.1 0.245712
0.101 0.246864
0.102 0.248016
0.103 0.249169
0.104 0.250322
0.105 0.251476
0.106 0.25263
0.107 0.253784
0.108 0.254939
0.109 0.256095
0.11 0.25725
0.111 0.258407
0.112 0.259563
0.113 0.26072
0.114 0.261878
0.115 0.263035
0.116 0.264194
0.117 0.265352
0.118 0.266511
0.119 0.267671
0.12 0.26883
0.121 0.269991
0.122 0.271151
0.123 0.272312
0.124 0.273473
0.125 0.274635
0.126 0.275797
0.127 0.276959
0.128 0.278121
0.129 0.279284
0.13 0.280448
0.131 0.281611
0.132 0.282775
0.133 0.283939
0.134 0.285104
0.135 0.286268
0.136 0.287433
0.137 0.288599
0.138 0.289764
0.139 0.29093
0.14 0.292096
0.141 0.293263
0.142 0.29443
0.143 0.295597
0.144 0.296764
0.145 0.297931
0.146 0.299099
0.147 0.300267
0.148 0.301435
0.149 0.302603
0.15 0.303772
0.151 0.304941
0.152 0.30611
0.153 0.307279
0.154 0.308449
0.155 0.309618
0.156 0.310788
0.157 0.311958
0.158 0.313128
0.159 0.314299
0.16 0.315469
0.161 0.31664
0.162 0.317811
0.163 0.318982
0.164 0.320153
0.165 0.321324
0.166 0.322496
0.167 0.323668
0.168 0.324839
0.169 0.326011
0.17 0.327183
0.171 0.328355
0.172 0.329527
0.173 0.3307
0.174 0.331872
0.175 0.333045
0.176 0.334217
0.177 0.33539
0.178 0.336563
0.179 0.337736
0.18 0.338908
0.181 0.340081
0.182 0.341254
0.183 0.342427
0.184 0.343601
0.185 0.344774
0.186 0.345947
0.187 0.34712
0.188 0.348294
0.189 0.349467
0.19 0.35064
0.191 0.351813
0.192 0.352987
0.193 0.35416
0.194 0.355333
0.195 0.356507
0.196 0.35768
0.197 0.358853
0.198 0.360027
0.199 0.3612
0.2 0.362373
0.201 0.363546
0.202 0.364719
0.203 0.365892
0.204 0.367065
0.205 0.368238
0.206 0.369411
0.207 0.370584
0.208 0.371757
0.209 0.37293
0.21 0.374102
0.211 0.375275
0.212 0.376447
0.213 0.37762
0.214 0.378792
0.215 0.379964
0.216 0.381136
0.217 0.382308
0.218 0.383479
0.219 0.384651
0.22 0.385823
0.221 0.386994
0.222 0.388165
0.223 0.389336
0.224 0.390507
0.225 0.391678
0.226 0.392848
0.227 0.394019
0.228 0.395189
0.229 0.396359
0.23 0.397529
0.231 0.398699
0.232 0.399868
0.233 0.401037
0.234 0.402206
0.235 0.403375
0.236 0.404544
0.237 0.405712
0.238 0.406881
0.239 0.408049
0.24 0.409216
0.241 0.410384
0.242 0.411551
0.243 0.412718
0.244 0.413885
0.245 0.415051
0.246 0.416217
0.247 0.417383
0.248 0.418549
0.249 0.419714
0.25 0.420879
0.251 0.422044
0.252 0.423209
0.253 0.424373
0.254 0.425537
0.255 0.4267
0.256 0.427864
0.257 0.429027
0.258 0.430189
0.259 0.431351
0.26 0.432513
0.261 0.433675
0.262 0.434836
0.263 0.435997
0.264 0.437158
0.265 0.438318
0.266 0.439478
0.267 0.440637
0.268 0.441796
0.269 0.442955
0.27 0.444113
0.271 0.445271
0.272 0.446428
0.273 0.447585
0.274 0.448742
0.275 0.449898
0.276 0.451054
0.277 0.45221
0.278 0.453365
0.279 0.454519
0.28 0.455673
0.281 0.456827
0.282 0.45798
0.283 0.459133
0.284 0.460285
0.285 0.461437
0.286 0.462588
0.287 0.463739
0.288 0.46489
0.289 0.46604
0.29 0.467189
0.291 0.468338
0.292 0.469486
0.293 0.470634
0.294 0.471782
0.295 0.472929
0.296 0.474075
0.297 0.475221
0.298 0.476366
0.299 0.477511
0.3 0.478655
0.301 0.479799
0.302 0.480942
0.303 0.482085
0.304 0.483227
0.305 0.484368
0.306 0.485509
0.307 0.486649
0.308 0.487789
0.309 0.488928
0.31 0.490067
0.311 0.491205
0.312 0.492342
0.313 0.493479
0.314 0.494615
0.315 0.495751
0.316 0.496885
0.317 0.49802
0.318 0.499153
0.319 0.500286
0.32 0.501419
0.321 0.50255
0.322 0.503681
0.323 0.504812
0.324 0.505942
0.325 0.507071
0.326 0.508199
0.327 0.509327
0.328 0.510454
0.329 0.51158
0.33 0.512706
0.331 0.513831
0.332 0.514955
0.333 0.516078
0.334 0.517201
0.335 0.518323
0.336 0.519445
0.337 0.520565
0.338 0.521685
0.339 0.522804
0.34 0.523923
0.341 0.525041
0.342 0.526157
0.343 0.527274
0.344 0.528389
0.345 0.529504
0.346 0.530617
0.347 0.531731
0.348 0.532843
0.349 0.533954
0.35 0.535065
0.351 0.536175
0.352 0.537284
0.353 0.538392
0.354 0.5395
0.355 0.540606
0.356 0.541712
0.357 0.542817
0.358 0.543921
0.359 0.545025
0.36 0.546127
0.361 0.547229
0.362 0.548329
0.363 0.549429
0.364 0.550528
0.365 0.551626
0.366 0.552724
0.367 0.55382
0.368 0.554916
0.369 0.55601
0.37 0.557104
0.371 0.558197
0.372 0.559289
0.373 0.56038
0.374 0.56147
0.375 0.562559
0.376 0.563647
0.377 0.564734
0.378 0.565821
0.379 0.566906
0.38 0.567991
0.381 0.569074
0.382 0.570157
0.383 0.571238
0.384 0.572319
0.385 0.573399
0.386 0.574477
0.387 0.575555
0.388 0.576632
0.389 0.577707
0.39 0.578782
0.391 0.579856
0.392 0.580928
0.393 0.582
0.394 0.583071
0.395 0.58414
0.396 0.585209
0.397 0.586276
0.398 0.587343
0.399 0.588408
0.4 0.589473
0.401 0.590536
0.402 0.591598
0.403 0.59266
0.404 0.59372
0.405 0.594779
0.406 0.595837
0.407 0.596894
0.408 0.59795
0.409 0.599005
0.41 0.600058
0.411 0.601111
0.412 0.602162
0.413 0.603212
0.414 0.604262
0.415 0.60531
0.416 0.606357
0.417 0.607402
0.418 0.608447
0.419 0.609491
0.42 0.610533
0.421 0.611574
0.422 0.612614
0.423 0.613653
0.424 0.614691
0.425 0.615727
0.426 0.616763
0.427 0.617797
0.428 0.61883
0.429 0.619862
0.43 0.620892
0.431 0.621921
0.432 0.62295
0.433 0.623976
0.434 0.625002
0.435 0.626027
0.436 0.62705
0.437 0.628072
0.438 0.629093
0.439 0.630112
0.44 0.63113
0.441 0.632147
0.442 0.633163
0.443 0.634178
0.444 0.635191
0.445 0.636203
0.446 0.637213
0.447 0.638223
0.448 0.639231
0.449 0.640237
0.45 0.641243
0.451 0.642247
0.452 0.64325
0.453 0.644251
0.454 0.645252
0.455 0.64625
0.456 0.647248
0.457 0.648244
0.458 0.649239
0.459 0.650232
0.46 0.651224
0.461 0.652215
0.462 0.653205
0.463 0.654193
0.464 0.655179
0.465 0.656165
0.466 0.657148
0.467 0.658131
0.468 0.659112
0.469 0.660092
0.47 0.66107
0.471 0.662047
0.472 0.663022
0.473 0.663996
0.474 0.664969
0.475 0.66594
0.476 0.66691
0.477 0.667878
0.478 0.668845
0.479 0.66981
0.48 0.670774
0.481 0.671737
0.482 0.672698
0.483 0.673657
0.484 0.674616
0.485 0.675572
0.486 0.676527
0.487 0.677481
0.488 0.678433
0.489 0.679384
0.49 0.680333
0.491 0.68128
0.492 0.682226
0.493 0.683171
0.494 0.684114
0.495 0.685055
0.496 0.685995
0.497 0.686934
0.498 0.687871
0.499 0.688806
0.5 0.68974
0.501 0.690672
0.502 0.691602
0.503 0.692531
0.504 0.693459
0.505 0.694385
0.506 0.695309
0.507 0.696232
0.508 0.697153
0.509 0.698072
0.51 0.69899
0.511 0.699906
0.512 0.700821
0.513 0.701734
0.514 0.702645
0.515 0.703555
0.516 0.704463
0.517 0.70537
0.518 0.706275
0.519 0.707178
0.52 0.708079
0.521 0.708979
0.522 0.709877
0.523 0.710774
0.524 0.711669
0.525 0.712562
0.526 0.713453
0.527 0.714343
0.528 0.715231
0.529 0.716117
0.53 0.717002
0.531 0.717885
0.532 0.718766
0.533 0.719645
0.534 0.720523
0.535 0.721399
0.536 0.722273
0.537 0.723146
0.538 0.724017
0.539 0.724886
0.54 0.725753
0.541 0.726618
0.542 0.727482
0.543 0.728344
0.544 0.729204
0.545 0.730062
0.546 0.730919
0.547 0.731774
0.548 0.732627
0.549 0.733478
0.55 0.734327
0.551 0.735175
0.552 0.73602
0.553 0.736864
0.554 0.737706
0.555 0.738546
0.556 0.739385
0.557 0.740221
0.558 0.741056
0.559 0.741889
0.56 0.742719
0.561 0.743549
0.562 0.744376
0.563 0.745201
0.564 0.746024
0.565 0.746846
0.566 0.747666
0.567 0.748483
0.568 0.749299
0.569 0.750113
0.57 0.750925
0.571 0.751735
0.572 0.752543
0.573 0.75335
0.574 0.754154
0.575 0.754956
0.576 0.755757
0.577 0.756555
0.578 0.757352
0.579 0.758146
0.58 0.758939
0.581 0.759729
0.582 0.760518
0.583 0.761305
0.584 0.762089
0.585 0.762872
0.586 0.763653
0.587 0.764431
0.588 0.765208
0.589 0.765983
0.59 0.766755
0.591 0.767526
0.592 0.768294
0.593 0.769061
0.594 0.769825
0.595 0.770588
0.596 0.771348
0.597 0.772107
0.598 0.772863
0.599 0.773617
0.6 0.77437
0.601 0.77512
0.602 0.775868
0.603 0.776614
0.604 0.777358
0.605 0.778099
0.606 0.778839
0.607 0.779577
0.608 0.780312
0.609 0.781046
0.61 0.781777
0.611 0.782506
0.612 0.783233
0.613 0.783958
0.614 0.78468
0.615 0.785401
0.616 0.786119
0.617 0.786836
0.618 0.78755
0.619 0.788262
0.62 0.788972
0.621 0.789679
0.622 0.790385
0.623 0.791088
0.624 0.791789
0.625 0.792488
0.626 0.793184
0.627 0.793879
0.628 0.794571
0.629 0.795261
0.63 0.795949
0.631 0.796635
0.632 0.797318
0.633 0.797999
0.634 0.798678
0.635 0.799355
0.636 0.800029
0.637 0.800701
0.638 0.801371
0.639 0.802039
0.64 0.802704
0.641 0.803367
0.642 0.804028
0.643 0.804686
0.644 0.805343
0.645 0.805997
0.646 0.806648
0.647 0.807297
0.648 0.807944
0.649 0.808589
0.65 0.809231
0.651 0.809871
0.652 0.810509
0.653 0.811145
0.654 0.811778
0.655 0.812408
0.656 0.813037
0.657 0.813662
0.658 0.814286
0.659 0.814907
0.66 0.815526
0.661 0.816143
0.662 0.816757
0.663 0.817368
0.664 0.817978
0.665 0.818585
0.666 0.819189
0.667 0.819791
0.668 0.820391
0.669 0.820988
0.67 0.821583
0.671 0.822176
0.672 0.822766
0.673 0.823353
0.674 0.823938
0.675 0.824521
0.676 0.825101
0.677 0.825679
0.678 0.826254
0.679 0.826827
0.68 0.827397
0.681 0.827965
0.682 0.828531
0.683 0.829093
0.684 0.829654
0.685 0.830212
0.686 0.830767
0.687 0.83132
0.688 0.83187
0.689 0.832418
0.69 0.832964
0.691 0.833506
0.692 0.834047
0.693 0.834584
0.694 0.83512
0.695 0.835652
0.696 0.836182
0.697 0.83671
0.698 0.837235
0.699 0.837757
0.7 0.838277
0.701 0.838794
0.702 0.839309
0.703 0.839821
0.704 0.84033
0.705 0.840837
0.706 0.841341
0.707 0.841843
0.708 0.842342
0.709 0.842838
0.71 0.843332
0.711 0.843823
0.712 0.844312
0.713 0.844797
0.714 0.845281
0.715 0.845761
0.716 0.846239
0.717 0.846714
0.718 0.847187
0.719 0.847657
0.72 0.848124
0.721 0.848589
0.722 0.84905
0.723 0.84951
0.724 0.849966
0.725 0.85042
0.726 0.850871
0.727 0.851319
0.728 0.851765
0.729 0.852208
0.73 0.852648
0.731 0.853085
0.732 0.85352
0.733 0.853952
0.734 0.854381
0.735 0.854807
0.736 0.855231
0.737 0.855652
0.738 0.85607
0.739 0.856486
0.74 0.856898
0.741 0.857308
0.742 0.857715
0.743 0.858119
0.744 0.858521
0.745 0.858919
0.746 0.859315
0.747 0.859708
0.748 0.860098
0.749 0.860486
0.75 0.86087
0.751 0.861252
0.752 0.861631
0.753 0.862007
0.754 0.86238
0.755 0.86275
0.756 0.863118
0.757 0.863482
0.758 0.863844
0.759 0.864203
0.76 0.864559
0.761 0.864912
0.762 0.865262
0.763 0.865609
0.764 0.865953
0.765 0.866295
0.766 0.866633
0.767 0.866969
0.768 0.867302
0.769 0.867632
0.77 0.867958
0.771 0.868282
0.772 0.868603
0.773 0.868921
0.774 0.869236
0.775 0.869548
0.776 0.869858
0.777 0.870164
0.778 0.870467
0.779 0.870767
0.78 0.871065
0.781 0.871359
0.782 0.87165
0.783 0.871938
0.784 0.872224
0.785 0.872506
0.786 0.872785
0.787 0.873061
0.788 0.873335
0.789 0.873605
0.79 0.873872
0.791 0.874136
0.792 0.874397
0.793 0.874655
0.794 0.87491
0.795 0.875162
0.796 0.875411
0.797 0.875657
0.798 0.875899
0.799 0.876139
