0.063 0.129618
0.064 0.130585
0.065 0.131552
0.066 0.132519
0.067 0.133486
0.068 0.134453
0.069 0.135421
0.07 0.136389
0.071 0.137357
0.072 0.138325
0.073 0.139293
0.074 0.140262
0.075 0.141231
0.076 0.1422
0.077 0.143169
0.078 0.144138
0.079 0.145108
0.08 0.146077
0.081 0.147047
0.082 0.148017
0.083 0.148988
0.084 0.149958
0.085 0.150929
0.086 0.151899
0.087 0.152871
0.088 0.153842
0.089 0.154813
0.09 0.155785
0.091 0.156756
0.092 0.157728
0.093 0.1587
0.094 0.159673
0.095 0.160645
0.096 0.161618
0.097 0.162591
0.098 0.163564
0.099 0.164537
0.1 0.16551
0.101 0.166484
0.102 0.167458
0.103 0.168431
0.104 0.169406
0.105 0.17038
0.106 0.171354
0.107 0.172329
0.108 0.173304
0.109 0.174278
0.11 0.175254
0.111 0.176229
0.112 0.177204
0.113 0.17818
0.114 0.179156
0.115 0.180132
0.116 0.181108
0.117 0.182084
0.118 0.18306
0.119 0.184037
0.12 0.185014
0.121 0.185991
0.122 0.186968
0.123 0.187945
0.124 0.188922
0.125 0.1899
0.126 0.190878
0.127 0.191856
0.128 0.192834
0.129 0.193812
0.13 0.19479
0.131 0.195769
0.132 0.196748
0.133 0.197726
0.134 0.198705
0.135 0.199685
0.136 0.200664
0.137 0.201643
0.138 0.202623
0.139 0.203603
0.14 0.204583
0.141 0.205563
0.142 0.206543
0.143 0.207523
0.144 0.208504
0.145 0.209485
0.146 0.210465
0.147 0.211446
0.148 0.212428
0.149 0.213409
0.15 0.21439
0.151 0.215372
0.152 0.216354
0.153 0.217336
0.154 0.218318
0.155 0.2193
0.156 0.220282
0.157 0.221264
0.158 0.222247
0.159 0.22323
0.16 0.224213
0.161 0.225196
0.162 0.226179
0.163 0.227162
0.164 0.228146
0.165 0.229129
0.166 0.230113
0.167 0.231097
0.168 0.232081
0.169 0.233065
0.17 0.234049
0.171 0.235034
0.172 0.236018
0.173 0.237003
0.174 0.237988
0.175 0.238972
0.176 0.239958
0.177 0.240943
0.178 0.241928
0.179 0.242914
0.18 0.243899
0.181 0.244885
0.182 0.245871
0.183 0.246857
0.184 0.247843
0.185 0.248829
0.186 0.249816
0.187 0.250802
0.188 0.251789
0.189 0.252775
0.19 0.253762
0.191 0.254749
0.192 0.255736
0.193 0.256724
0.194 0.257711
0.195 0.258699
0.196 0.259686
0.197 0.260674
0.198 0.261662
0.199 0.26265
0.2 0.263638
0.201 0.264626
0.202 0.265615
0.203 0.266603
0.204 0.267592
0.205 0.26858
0.206 0.269569
0.207 0.270558
0.208 0.271547
0.209 0.272537
0.21 0.273526
0.211 0.274515
0.212 0.275505
0.213 0.276494
0.214 0.277484
0.215 0.278474
0.216 0.279464
0.217 0.280454
0.218 0.281444
0.219 0.282435
0.22 0.283425
0.221 0.284416
0.222 0.285406
0.223 0.286397
0.224 0.287388
0.225 0.288379
0.226 0.28937
0.227 0.290361
0.228 0.291353
0.229 0.292344
0.23 0.293336
0.231 0.294327
0.232 0.295319
0.233 0.296311
0.234 0.297303
0.235 0.298295
0.236 0.299287
0.237 0.300279
0.238 0.301272
0.239 0.302264
0.24 0.303257
0.241 0.30425
0.242 0.305242
0.243 0.306235
0.244 0.307228
0.245 0.308221
0.246 0.309214
0.247 0.310208
0.248 0.311201
0.249 0.312195
0.25 0.313188
0.251 0.314182
0.252 0.315176
0.253 0.31617
0.254 0.317164
0.255 0.318158
0.256 0.319152
0.257 0.320146
0.258 0.32114
0.259 0.322135
0.26 0.323129
0.261 0.324124
0.262 0.325119
0.263 0.326113
0.264 0.327108
0.265 0.328103
0.266 0.329098
0.267 0.330094
0.268 0.331089
0.269 0.332084
0.27 0.33308
0.271 0.334075
0.272 0.335071
0.273 0.336067
0.274 0.337062
0.275 0.338058
0.276 0.339054
0.277 0.34005
0.278 0.341046
0.279 0.342043
0.28 0.343039
0.281 0.344035
0.282 0.345032
0.283 0.346028
0.284 0.347025
0.285 0.348022
0.286 0.349019
0.287 0.350016
0.288 0.351012
0.289 0.35201
0.29 0.353007
0.291 0.354004
0.292 0.355001
0.293 0.355999
0.294 0.356996
0.295 0.357994
0.296 0.358991
0.297 0.359989
0.298 0.360987
0.299 0.361985
0.3 0.362983
0.301 0.363981
0.302 0.364979
0.303 0.365977
0.304 0.366975
0.305 0.367973
0.306 0.368972
0.307 0.36997
0.308 0.370969
0.309 0.371967
0.31 0.372966
0.311 0.373965
0.312 0.374964
0.313 0.375962
0.314 0.376961
0.315 0.37796
0.316 0.37896
0.317 0.379959
0.318 0.380958
0.319 0.381957
0.32 0.382957
0.321 0.383956
0.322 0.384956
0.323 0.385955
0.324 0.386955
0.325 0.387955
0.326 0.388955
0.327 0.389954
0.328 0.390954
0.329 0.391954
0.33 0.392954
0.331 0.393955
0.332 0.394955
0.333 0.395955
0.334 0.396955
0.335 0.397956
0.336 0.398956
0.337 0.399957
0.338 0.400957
0.339 0.401958
0.34 0.402959
0.341 0.403959
0.342 0.40496
0.343 0.405961
0.344 0.406962
0.345 0.407963
0.346 0.408964
0.347 0.409965
0.348 0.410966
0.349 0.411968
0.35 0.412969
0.351 0.41397
0.352 0.414972
0.353 0.415973
0.354 0.416975
0.355 0.417976
0.356 0.418978
0.357 0.41998
0.358 0.420981
0.359 0.421983
0.36 0.422985
0.361 0.423987
0.362 0.424989
0.363 0.425991
0.364 0.426993
0.365 0.427995
0.366 0.428998
0.367 0.43
0.368 0.431002
0.369 0.432004
0.37 0.433007
0.371 0.434009
0.372 0.435012
0.373 0.436014
0.374 0.437017
0.375 0.43802
0.376 0.439022
0.377 0.440025
0.378 0.441028
0.379 0.442031
0.38 0.443034
0.381 0.444037
0.382 0.44504
0.383 0.446043
0.384 0.447046
0.385 0.448049
0.386 0.449052
0.387 0.450055
0.388 0.451059
0.389 0.452062
0.39 0.453065
0.391 0.454069
0.392 0.455072
0.393 0.456076
0.394 0.457079
0.395 0.458083
0.396 0.459087
0.397 0.46009
0.398 0.461094
0.399 0.462098
0.4 0.463102
0.401 0.464105
0.402 0.465109
0.403 0.466113
0.404 0.467117
0.405 0.468121
0.406 0.469125
0.407 0.470129
0.408 0.471134
0.409 0.472138
0.41 0.473142
0.411 0.474146
0.412 0.475151
0.413 0.476155
0.414 0.477159
0.415 0.478164
0.416 0.479168
0.417 0.480173
0.418 0.481177
0.419 0.482182
0.42 0.483186
0.421 0.484191
0.422 0.485196
0.423 0.4862
0.424 0.487205
0.425 0.48821
0.426 0.489215
0.427 0.49022
0.428 0.491224
0.429 0.492229
0.43 0.493234
0.431 0.494239
0.432 0.495244
0.433 0.496249
0.434 0.497254
0.435 0.49826
0.436 0.499265
0.437 0.50027
0.438 0.501275
0.439 0.50228
0.44 0.503286
0.441 0.504291
0.442 0.505296
0.443 0.506302
0.444 0.507307
0.445 0.508312
0.446 0.509318
0.447 0.510323
0.448 0.511329
0.449 0.512334
0.45 0.51334
0.451 0.514346
0.452 0.515351
0.453 0.516357
0.454 0.517363
0.455 0.518368
0.456 0.519374
0.457 0.52038
0.458 0.521385
0.459 0.522391
0.46 0.523397
0.461 0.524403
0.462 0.525409
0.463 0.526415
0.464 0.527421
0.465 0.528427
0.466 0.529433
0.467 0.530439
0.468 0.531445
0.469 0.532451
0.47 0.533457
0.471 0.534463
0.472 0.535469
0.473 0.536475
0.474 0.537481
0.475 0.538488
0.476 0.539494
0.477 0.5405
0.478 0.541506
0.479 0.542513
0.48 0.543519
0.481 0.544525
0.482 0.545532
0.483 0.546538
0.484 0.547544
0.485 0.548551
0.486 0.549557
0.487 0.550564
0.488 0.55157
0.489 0.552576
0.49 0.553583
0.491 0.554589
0.492 0.555596
0.493 0.556603
0.494 0.557609
0.495 0.558616
0.496 0.559622
0.497 0.560629
0.498 0.561636
0.499 0.562642
0.5 0.563649
0.501 0.564656
0.502 0.565662
0.503 0.566669
0.504 0.567676
0.505 0.568682
0.506 0.569689
0.507 0.570696
0.508 0.571703
0.509 0.57271
0.51 0.573716
0.511 0.574723
0.512 0.57573
0.513 0.576737
0.514 0.577744
0.515 0.578751
0.516 0.579757
0.517 0.580764
0.518 0.581771
0.519 0.582778
0.52 0.583785
0.521 0.584792
0.522 0.585799
0.523 0.586806
0.524 0.587813
0.525 0.58882
0.526 0.589827
0.527 0.590834
0.528 0.591841
0.529 0.592848
0.53 0.593855
0.531 0.594862
0.532 0.595869
0.533 0.596876
0.534 0.597883
0.535 0.598891
0.536 0.599898
0.537 0.600905
0.538 0.601912
0.539 0.602919
0.54 0.603926
0.541 0.604933
0.542 0.60594
0.543 0.606948
0.544 0.607955
0.545 0.608962
0.546 0.609969
0.547 0.610976
0.548 0.611983
0.549 0.612991
0.55 0.613998
0.551 0.615005
0.552 0.616012
0.553 0.617019
0.554 0.618027
0.555 0.619034
0.556 0.620041
0.557 0.621048
0.558 0.622056
0.559 0.623063
0.56 0.62407
0.561 0.625077
0.562 0.626084
0.563 0.627092
0.564 0.628099
0.565 0.629106
0.566 0.630114
0.567 0.631121
0.568 0.632128
0.569 0.633135
0.57 0.634143
0.571 0.63515
0.572 0.636157
0.573 0.637164
0.574 0.638172
0.575 0.639179
0.576 0.640186
0.577 0.641193
0.578 0.642201
0.579 0.643208
0.58 0.644215
0.581 0.645223
0.582 0.64623
0.583 0.647237
0.584 0.648244
0.585 0.649252
0.586 0.650259
0.587 0.651266
0.588 0.652274
0.589 0.653281
0.59 0.654288
0.591 0.655295
0.592 0.656303
0.593 0.65731
0.594 0.658317
0.595 0.659324
0.596 0.660332
0.597 0.661339
0.598 0.662346
0.599 0.663353
0.6 0.664361
0.601 0.665368
0.602 0.666375
0.603 0.667382
0.604 0.66839
0.605 0.669397
0.606 0.670404
0.607 0.671411
0.608 0.672418
0.609 0.673426
0.61 0.674433
0.611 0.67544
0.612 0.676447
0.613 0.677454
0.614 0.678462
0.615 0.679469
0.616 0.680476
0.617 0.681483
0.618 0.68249
0.619 0.683498
0.62 0.684505
0.621 0.685512
0.622 0.686519
0.623 0.687526
0.624 0.688533
0.625 0.68954
0.626 0.690547
0.627 0.691555
0.628 0.692562
0.629 0.693569
0.63 0.694576
0.631 0.695583
0.632 0.69659
0.633 0.697597
0.634 0.698604
0.635 0.699611
0.636 0.700618
0.637 0.701625
0.638 0.702632
0.639 0.703639
0.64 0.704646
0.641 0.705653
0.642 0.70666
0.643 0.707667
0.644 0.708674
0.645 0.709681
0.646 0.710688
0.647 0.711695
0.648 0.712702
0.649 0.713709
0.65 0.714715
0.651 0.715722
0.652 0.716729
0.653 0.717736
0.654 0.718743
0.655 0.71975
0.656 0.720757
0.657 0.721763
0.658 0.72277
0.659 0.723777
0.66 0.724784
0.661 0.725791
0.662 0.726797
0.663 0.727804
0.664 0.728811
0.665 0.729818
0.666 0.730824
0.667 0.731831
0.668 0.732838
0.669 0.733844
0.67 0.734851
0.671 0.735858
0.672 0.736864
0.673 0.737871
0.674 0.738877
0.675 0.739884
0.676 0.740891
0.677 0.741897
0.678 0.742904
0.679 0.74391
0.68 0.744917
0.681 0.745923
0.682 0.74693
0.683 0.747936
0.684 0.748943
0.685 0.749949
0.686 0.750956
0.687 0.751962
0.688 0.752968
0.689 0.753975
0.69 0.754981
0.691 0.755988
0.692 0.756994
0.693 0.758
0.694 0.759006
0.695 0.760013
0.696 0.761019
0.697 0.762025
0.698 0.763032
0.699 0.764038
0.7 0.765044
0.701 0.76605
0.702 0.767056
0.703 0.768063
0.704 0.769069
0.705 0.770075
0.706 0.771081
0.707 0.772087
0.708 0.773093
0.709 0.774099
0.71 0.775105
0.711 0.776111
0.712 0.777117
0.713 0.778123
0.714 0.779129
0.715 0.780135
0.716 0.781141
0.717 0.782147
0.718 0.783153
0.719 0.784159
0.72 0.785165
0.721 0.78617
0.722 0.787176
0.723 0.788182
0.724 0.789188
0.725 0.790194
0.726 0.791199
0.727 0.792205
0.728 0.793211
0.729 0.794216
0.73 0.795222
0.731 0.796228
0.732 0.797233
0.733 0.798239
0.734 0.799245
0.735 0.80025
0.736 0.801256
0.737 0.802261
0.738 0.803267
0.739 0.804272
0.74 0.805278
0.741 0.806283
0.742 0.807289
0.743 0.808294
0.744 0.809299
0.745 0.810305
0.746 0.81131
0.747 0.812315
0.748 0.813321
0.749 0.814326
0.75 0.815331
0.751 0.816336
0.752 0.817342
0.753 0.818347
0.754 0.819352
0.755 0.820357
0.756 0.821362
0.757 0.822367
0.758 0.823373
0.759 0.824378
0.76 0.825383
0.761 0.826388
0.762 0.827393
0.763 0.828398
0.764 0.829403
0.765 0.830408
0.766 0.831412
0.767 0.832417
0.768 0.833422
0.769 0.834427
0.77 0.835432
0.771 0.836437
0.772 0.837441
0.773 0.838446
0.774 0.839451
0.775 0.840456
0.776 0.84146
0.777 0.842465
0.778 0.84347
0.779 0.844474
0.78 0.845479
0.781 0.846483
0.782 0.847488
0.783 0.848492
0.784 0.849497
0.785 0.850501
0.786 0.851506
0.787 0.85251
0.788 0.853515
0.789 0.854519
0.79 0.855523
0.791 0.856528
0.792 0.857532
0.793 0.858536
0.794 0.859541
0.795 0.860545
0.796 0.861549
0.797 0.862553
0.798 0.863557
0.799 0.864561
0.8 0.865566
0.801 0.86657
0.802 0.867574
0.803 0.868578
0.804 0.869582
0.805 0.870586
0.806 0.87159
0.807 0.872594
0.808 0.873597
0.809 0.874601
0.81 0.875605
0.811 0.876609
0.812 0.877613
0.813 0.878617
0.814 0.87962
0.815 0.880624
0.816 0.881628
0.817 0.882631
0.818 0.883635
0.819 0.884639
0.82 0.885642
0.821 0.886646
0.822 0.887649
0.823 0.888653
0.824 0.889656
0.825 0.89066
0.826 0.891663
0.827 0.892667
0.828 0.89367
0.829 0.894674
0.83 0.895677
0.831 0.89668
0.832 0.897683
0.833 0.898687
0.834 0.89969
0.835 0.900693
0.836 0.901696
0.837 0.902699
0.838 0.903703
0.839 0.904706
0.84 0.905709
0.841 0.906712
0.842 0.907715
0.843 0.908718
0.844 0.909721
0.845 0.910724
0.846 0.911727
0.847 0.912729
0.848 0.913732
0.849 0.914735
0.85 0.915738
0.851 0.916741
0.852 0.917743
0.853 0.918746
0.854 0.919749
0.855 0.920751
0.856 0.921754
0.857 0.922757
0.858 0.923759
0.859 0.924762
0.86 0.925764
0.861 0.926767
0.862 0.927769
0.863 0.928772
0.864 0.929774
0.865 0.930777
0.866 0.931779
0.867 0.932781
0.868 0.933783
0.869 0.934786
0.87 0.935788
0.871 0.93679
0.872 0.937792
0.873 0.938795
0.874 0.939797
0.875 0.940799
0.876 0.941801
0.877 0.942803
0.878 0.943805
0.879 0.944807
0.88 0.945809
0.881 0.946811
0.882 0.947813
0.883 0.948815
0.884 0.949816
0.885 0.950818
0.886 0.95182
0.887 0.952822
0.888 0.953823
0.889 0.954825
0.89 0.955827
0.891 0.956828
0.892 0.95783
0.893 0.958832
0.894 0.959833
0.895 0.960835
0.896 0.961836
0.897 0.962838
0.898 0.963839
0.899 0.964841
0.9 0.965842
0.901 0.966843
0.902 0.967845
0.903 0.968846
0.904 0.969847
0.905 0.970848
0.906 0.97185
0.907 0.972851
0.908 0.973852
0.909 0.974853
0.91 0.975854
0.911 0.976855
0.912 0.977856
0.913 0.978857
0.914 0.979858
0.915 0.980859
0.916 0.98186
0.917 0.982861
0.918 0.983862
0.919 0.984863
0.92 0.985863
0.921 0.986864
0.922 0.987865
0.923 0.988866
0.924 0.989866
0.925 0.990867
0.926 0.991868
0.927 0.992868
0.928 0.993869
0.929 0.994869
0.93 0.99587
0.931 0.99687
0.932 0.997871
0.933 0.998871
0.934 0.999871
0.935 1.00087
0.936 1.00187
0.937 1.00287
0.938 1.00387
0.939 1.00487
0.94 1.00587
0.941 1.00687
0.942 1.00787
0.943 1.00887
0.944 1.00987
0.945 1.01087
0.946 1.01187
0.947 1.01287
0.948 1.01387
0.949 1.01487
0.95 1.01587
0.951 1.01687
0.952 1.01787
0.953 1.01887
0.954 1.01987
0.955 1.02087
0.956 1.02187
0.957 1.02287
0.958 1.02387
0.959 1.02487
0.96 1.02587
0.961 1.02687
0.962 1.02787
0.963 1.02887
0.964 1.02987
0.965 1.03087
0.966 1.03187
0.967 1.03287
0.968 1.03387
0.969 1.03487
0.97 1.03587
0.971 1.03686
0.972 1.03786
0.973 1.03886
0.974 1.03986
0.975 1.04086
0.976 1.04186
0.977 1.04286
0.978 1.04386
0.979 1.04486
0.98 1.04586
0.981 1.04686
0.982 1.04785
0.983 1.04885
0.984 1.04985
0.985 1.05085
0.986 1.05185
0.987 1.05285
0.988 1.05385
0.989 1.05485
0.99 1.05584
0.991 1.05684
0.992 1.05784
0.993 1.05884
0.994 1.05984
0.995 1.06084
0.996 1.06184
0.997 1.06284
0.998 1.06383
0.999 1.06483
1 1.06583
1.001 1.06683
1.002 1.06783
1.003 1.06883
1.004 1.06982
1.005 1.07082
1.006 1.07182
1.007 1.07282
1.008 1.07382
1.009 1.07481
1.01 1.07581
1.011 1.07681
1.012 1.07781
1.013 1.07881
1.014 1.0798
1.015 1.0808
1.016 1.0818
1.017 1.0828
1.018 1.0838
1.019 1.08479
1.02 1.08579
1.021 1.08679
1.022 1.08779
1.023 1.08879
1.024 1.08978
1.025 1.09078
1.026 1.09178
1.027 1.09278
1.028 1.09377
1.029 1.09477
1.03 1.09577
1.031 1.09677
1.032 1.09776
1.033 1.09876
1.034 1.09976
1.035 1.10076
1.036 1.10175
1.037 1.10275
1.038 1.10375
1.039 1.10474
1.04 1.10574
1.041 1.10674
1.042 1.10774
1.043 1.10873
1.044 1.10973
1.045 1.11073
1.046 1.11172
1.047 1.11272
1.048 1.11372
1.049 1.11472
1.05 1.11571
1.051 1.11671
1.052 1.11771
1.053 1.1187
1.054 1.1197
1.055 1.1207
1.056 1.12169
1.057 1.12269
1.058 1.12369
1.059 1.12468
1.06 1.12568
1.061 1.12668
1.062 1.12767
1.063 1.12867
1.064 1.12967
1.065 1.13066
1.066 1.13166
1.067 1.13266
1.068 1.13365
1.069 1.13465
1.07 1.13564
1.071 1.13664
1.072 1.13764
1.073 1.13863
1.074 1.13963
1.075 1.14063
1.076 1.14162
1.077 1.14262
1.078 1.14361
1.079 1.14461
1.08 1.14561
1.081 1.1466
1.082 1.1476
1.083 1.14859
1.084 1.14959
1.085 1.15059
1.086 1.15158
1.087 1.15258
1.088 1.15357
1.089 1.15457
1.09 1.15556
1.091 1.15656
1.092 1.15756
1.093 1.15855
1.094 1.15955
1.095 1.16054
1.096 1.16154
1.097 1.16253
1.098 1.16353
1.099 1.16453
1.1 1.16552
1.101 1.16652
1.102 1.16751
1.103 1.16851
1.104 1.1695
1.105 1.1705
1.106 1.17149
1.107 1.17249
1.108 1.17348
1.109 1.17448
1.11 1.17547
1.111 1.17647
1.112 1.17746
1.113 1.17846
1.114 1.17945
1.115 1.18045
1.116 1.18144
1.117 1.18244
1.118 1.18343
1.119 1.18443
1.12 1.18542
1.121 1.18642
1.122 1.18741
1.123 1.18841
1.124 1.1894
1.125 1.1904
1.126 1.19139
1.127 1.19239
1.128 1.19338
1.129 1.19438
1.13 1.19537
1.131 1.19637
1.132 1.19736
1.133 1.19836
1.134 1.19935
1.135 1.20034
1.136 1.20134
1.137 1.20233
1.138 1.20333
1.139 1.20432
1.14 1.20532
1.141 1.20631
1.142 1.2073
1.143 1.2083
1.144 1.20929
1.145 1.21029
1.146 1.21128
1.147 1.21228
1.148 1.21327
1.149 1.21426
1.15 1.21526
1.151 1.21625
1.152 1.21725
1.153 1.21824
1.154 1.21923
1.155 1.22023
1.156 1.22122
1.157 1.22222
1.158 1.22321
1.159 1.2242
1.16 1.2252
1.161 1.22619
1.162 1.22718
1.163 1.22818
1.164 1.22917
1.165 1.23017
1.166 1.23116
1.167 1.23215
1.168 1.23315
1.169 1.23414
1.17 1.23513
1.171 1.23613
1.172 1.23712
1.173 1.23811
1.174 1.23911
1.175 1.2401
1.176 1.24109
1.177 1.24209
1.178 1.24308
1.179 1.24407
1.18 1.24507
1.181 1.24606
1.182 1.24705
1.183 1.24805
1.184 1.24904
1.185 1.25003
1.186 1.25103
1.187 1.25202
1.188 1.25301
1.189 1.25401
1.19 1.255
1.191 1.25599
1.192 1.25699
1.193 1.25798
1.194 1.25897
1.195 1.25996
1.196 1.26096
1.197 1.26195
1.198 1.26294
1.199 1.26394
1.2 1.26493
1.201 1.26592
1.202 1.26691
1.203 1.26791
1.204 1.2689
1.205 1.26989
1.206 1.27088
1.207 1.27188
1.208 1.27287
1.209 1.27386
1.21 1.27485
1.211 1.27585
1.212 1.27684
1.213 1.27783
1.214 1.27882
1.215 1.27982
1.216 1.28081
1.217 1.2818
1.218 1.28279
1.219 1.28379
1.22 1.28478
1.221 1.28577
1.222 1.28676
1.223 1.28776
1.224 1.28875
1.225 1.28974
1.226 1.29073
1.227 1.29172
1.228 1.29272
1.229 1.29371
1.23 1.2947
1.231 1.29569
1.232 1.29668
1.233 1.29768
1.234 1.29867
1.235 1.29966
1.236 1.30065
1.237 1.30164
1.238 1.30264
1.239 1.30363
1.24 1.30462
1.241 1.30561
1.242 1.3066
1.243 1.30759
1.244 1.30859
1.245 1.30958
1.246 1.31057
1.247 1.31156
1.248 1.31255
1.249 1.31354
1.25 1.31454
1.251 1.31553
1.252 1.31652
1.253 1.31751
1.254 1.3185
1.255 1.31949
1.256 1.32048
1.257 1.32148
1.258 1.32247
1.259 1.32346
1.26 1.32445
1.261 1.32544
1.262 1.32643
1.263 1.32742
1.264 1.32842
1.265 1.32941
1.266 1.3304
1.267 1.33139
1.268 1.33238
1.269 1.33337
1.27 1.33436
1.271 1.33535
1.272 1.33634
1.273 1.33734
1.274 1.33833
1.275 1.33932
1.276 1.34031
1.277 1.3413
1.278 1.34229
1.279 1.34328
1.28 1.34427
1.281 1.34526
1.282 1.34625
1.283 1.34725
1.284 1.34824
1.285 1.34923
1.286 1.35022
1.287 1.35121
1.288 1.3522
1.289 1.35319
1.29 1.35418
1.291 1.35517
1.292 1.35616
1.293 1.35715
1.294 1.35814
1.295 1.35913
1.296 1.36012
1.297 1.36112
1.298 1.36211
1.299 1.3631
1.3 1.36409
1.301 1.36508
1.302 1.36607
1.303 1.36706
1.304 1.36805
1.305 1.36904
1.306 1.37003
1.307 1.37102
1.308 1.37201
1.309 1.373
1.31 1.37399
1.311 1.37498
1.312 1.37597
1.313 1.37696
1.314 1.37795
1.315 1.37894
1.316 1.37993
1.317 1.38092
1.318 1.38191
1.319 1.3829
1.32 1.38389
1.321 1.38488
1.322 1.38587
1.323 1.38686
1.324 1.38785
1.325 1.38884
1.326 1.38983
1.327 1.39082
1.328 1.39181
1.329 1.3928
1.33 1.39379
1.331 1.39478
1.332 1.39577
1.333 1.39676
1.334 1.39775
1.335 1.39874
1.336 1.39973
1.337 1.40072
1.338 1.40171
1.339 1.4027
1.34 1.40369
1.341 1.40468
1.342 1.40567
1.343 1.40666
1.344 1.40765
1.345 1.40864
1.346 1.40963
1.347 1.41062
1.348 1.41161
1.349 1.4126
1.35 1.41359
1.351 1.41458
1.352 1.41557
1.353 1.41656
1.354 1.41755
1.355 1.41853
1.356 1.41952
1.357 1.42051
1.358 1.4215
1.359 1.42249
1.36 1.42348
1.361 1.42447
1.362 1.42546
1.363 1.42645
1.364 1.42744
1.365 1.42843
1.366 1.42942
1.367 1.43041
1.368 1.4314
1.369 1.43239
1.37 1.43337
1.371 1.43436
1.372 1.43535
1.373 1.43634
1.374 1.43733
1.375 1.43832
1.376 1.43931
1.377 1.4403
1.378 1.44129
1.379 1.44228
1.38 1.44327
1.381 1.44426
1.382 1.44524
1.383 1.44623
1.384 1.44722
1.385 1.44821
1.386 1.4492
1.387 1.45019
1.388 1.45118
1.389 1.45217
1.39 1.45316
1.391 1.45414
1.392 1.45513
1.393 1.45612
1.394 1.45711
1.395 1.4581
1.396 1.45909
1.397 1.46008
1.398 1.46107
1.399 1.46206
1.4 1.46304
1.401 1.46403
1.402 1.46502
1.403 1.46601
1.404 1.467
1.405 1.46799
1.406 1.46898
1.407 1.46996
1.408 1.47095
1.409 1.47194
1.41 1.47293
1.411 1.47392
1.412 1.47491
1.413 1.4759
1.414 1.47689
1.415 1.47787
1.416 1.47886
1.417 1.47985
1.418 1.48084
1.419 1.48183
1.42 1.48282
1.421 1.4838
1.422 1.48479
1.423 1.48578
1.424 1.48677
1.425 1.48776
1.426 1.48875
1.427 1.48974
1.428 1.49072
1.429 1.49171
1.43 1.4927
1.431 1.49369
1.432 1.49468
1.433 1.49567
1.434 1.49665
1.435 1.49764
1.436 1.49863
1.437 1.49962
1.438 1.50061
1.439 1.50159
1.44 1.50258
1.441 1.50357
1.442 1.50456
1.443 1.50555
1.444 1.50654
1.445 1.50752
1.446 1.50851
1.447 1.5095
1.448 1.51049
1.449 1.51148
1.45 1.51246
1.451 1.51345
1.452 1.51444
1.453 1.51543
1.454 1.51642
1.455 1.5174
1.456 1.51839
1.457 1.51938
1.458 1.52037
1.459 1.52136
1.46 1.52234
1.461 1.52333
1.462 1.52432
1.463 1.52531
1.464 1.5263
1.465 1.52728
1.466 1.52827
1.467 1.52926
1.468 1.53025
1.469 1.53124
1.47 1.53222
1.471 1.53321
1.472 1.5342
1.473 1.53519
1.474 1.53618
1.475 1.53716
1.476 1.53815
1.477 1.53914
1.478 1.54013
1.479 1.54111
1.48 1.5421
1.481 1.54309
1.482 1.54408
1.483 1.54507
1.484 1.54605
1.485 1.54704
1.486 1.54803
1.487 1.54902
1.488 1.55
1.489 1.55099
1.49 1.55198
1.491 1.55297
1.492 1.55395
1.493 1.55494
1.494 1.55593
1.495 1.55692
1.496 1.55791
1.497 1.55889
1.498 1.55988
1.499 1.56087
1.5 1.56186
1.501 1.56284
1.502 1.56383
1.503 1.56482
1.504 1.56581
1.505 1.56679
1.506 1.56778
1.507 1.56877
1.508 1.56976
1.509 1.57074
1.51 1.57173
1.511 1.57272
1.512 1.57371
1.513 1.57469
1.514 1.57568
1.515 1.57667
1.516 1.57766
1.517 1.57864
1.518 1.57963
1.519 1.58062
1.52 1.58161
1.521 1.58259
1.522 1.58358
1.523 1.58457
1.524 1.58556
1.525 1.58654
1.526 1.58753
1.527 1.58852
1.528 1.5895
1.529 1.59049
1.53 1.59148
1.531 1.59247
1.532 1.59345
1.533 1.59444
1.534 1.59543
1.535 1.59642
1.536 1.5974
1.537 1.59839
1.538 1.59938
1.539 1.60037
1.54 1.60135
1.541 1.60234
1.542 1.60333
1.543 1.60431
1.544 1.6053
1.545 1.60629
1.546 1.60728
1.547 1.60826
1.548 1.60925
1.549 1.61024
1.55 1.61123
1.551 1.61221
1.552 1.6132
1.553 1.61419
1.554 1.61517
1.555 1.61616
1.556 1.61715
1.557 1.61814
1.558 1.61912
1.559 1.62011
1.56 1.6211
1.561 1.62208
1.562 1.62307
1.563 1.62406
1.564 1.62505
1.565 1.62603
1.566 1.62702
1.567 1.62801
1.568 1.62899
1.569 1.62998
1.57 1.63097
1.571 1.63196
1.572 1.63294
1.573 1.63393
1.574 1.63492
1.575 1.6359
1.576 1.63689
1.577 1.63788
1.578 1.63887
1.579 1.63985
1.58 1.64084
1.581 1.64183
1.582 1.64281
1.583 1.6438
1.584 1.64479
1.585 1.64578
1.586 1.64676
1.587 1.64775
1.588 1.64874
1.589 1.64972
1.59 1.65071
1.591 1.6517
1.592 1.65268
1.593 1.65367
1.594 1.65466
1.595 1.65565
1.596 1.65663
1.597 1.65762
1.598 1.65861
1.599 1.65959
1.6 1.66058
1.601 1.66157
1.602 1.66255
1.603 1.66354
1.604 1.66453
1.605 1.66552
1.606 1.6665
1.607 1.66749
1.608 1.66848
1.609 1.66946
1.61 1.67045
1.611 1.67144
1.612 1.67243
1.613 1.67341
1.614 1.6744
1.615 1.67539
1.616 1.67637
1.617 1.67736
1.618 1.67835
1.619 1.67933
1.62 1.68032
1.621 1.68131
1.622 1.68229
1.623 1.68328
1.624 1.68427
1.625 1.68526
1.626 1.68624
1.627 1.68723
1.628 1.68822
1.629 1.6892
1.63 1.69019
1.631 1.69118
1.632 1.69216
1.633 1.69315
1.634 1.69414
1.635 1.69513
1.636 1.69611
1.637 1.6971
1.638 1.69809
1.639 1.69907
1.64 1.70006
1.641 1.70105
1.642 1.70203
1.643 1.70302
1.644 1.70401
1.645 1.705
1.646 1.70598
1.647 1.70697
1.648 1.70796
1.649 1.70894
1.65 1.70993
1.651 1.71092
1.652 1.7119
1.653 1.71289
1.654 1.71388
1.655 1.71487
1.656 1.71585
1.657 1.71684
1.658 1.71783
1.659 1.71881
1.66 1.7198
1.661 1.72079
1.662 1.72177
1.663 1.72276
1.664 1.72375
1.665 1.72473
1.666 1.72572
1.667 1.72671
1.668 1.7277
1.669 1.72868
1.67 1.72967
1.671 1.73066
1.672 1.73164
1.673 1.73263
1.674 1.73362
1.675 1.7346
1.676 1.73559
1.677 1.73658
1.678 1.73757
1.679 1.73855
1.68 1.73954
1.681 1.74053
1.682 1.74151
1.683 1.7425
1.684 1.74349
1.685 1.74447
1.686 1.74546
1.687 1.74645
1.688 1.74744
1.689 1.74842
1.69 1.74941
1.691 1.7504
1.692 1.75138
1.693 1.75237
1.694 1.75336
1.695 1.75435
1.696 1.75533
1.697 1.75632
1.698 1.75731
1.699 1.75829
1.7 1.75928
1.701 1.76027
1.702 1.76125
1.703 1.76224
1.704 1.76323
1.705 1.76422
1.706 1.7652
1.707 1.76619
1.708 1.76718
1.709 1.76816
1.71 1.76915
1.711 1.77014
1.712 1.77113
1.713 1.77211
1.714 1.7731
1.715 1.77409
1.716 1.77507
1.717 1.77606
1.718 1.77705
1.719 1.77804
1.72 1.77902
1.721 1.78001
1.722 1.781
1.723 1.78198
1.724 1.78297
1.725 1.78396
1.726 1.78495
1.727 1.78593
1.728 1.78692
1.729 1.78791
1.73 1.78889
1.731 1.78988
1.732 1.79087
1.733 1.79186
1.734 1.79284
1.735 1.79383
1.736 1.79482
1.737 1.7958
1.738 1.79679
1.739 1.79778
1.74 1.79877
1.741 1.79975
1.742 1.80074
1.743 1.80173
1.744 1.80271
1.745 1.8037
1.746 1.80469
1.747 1.80568
1.748 1.80666
1.749 1.80765
1.75 1.80864
1.751 1.80963
1.752 1.81061
1.753 1.8116
1.754 1.81259
1.755 1.81358
1.756 1.81456
1.757 1.81555
1.758 1.81654
1.759 1.81752
1.76 1.81851
1.761 1.8195
1.762 1.82049
1.763 1.82147
1.764 1.82246
1.765 1.82345
1.766 1.82444
1.767 1.82542
1.768 1.82641
1.769 1.8274
1.77 1.82839
1.771 1.82937
1.772 1.83036
1.773 1.83135
1.774 1.83234
1.775 1.83332
1.776 1.83431
1.777 1.8353
1.778 1.83629
1.779 1.83727
1.78 1.83826
1.781 1.83925
1.782 1.84024
1.783 1.84122
1.784 1.84221
1.785 1.8432
1.786 1.84419
1.787 1.84517
1.788 1.84616
1.789 1.84715
1.79 1.84814
1.791 1.84912
1.792 1.85011
1.793 1.8511
1.794 1.85209
1.795 1.85307
1.796 1.85406
1.797 1.85505
1.798 1.85604
1.799 1.85702
1.8 1.85801
1.801 1.859
1.802 1.85999
1.803 1.86097
1.804 1.86196
1.805 1.86295
1.806 1.86394
1.807 1.86493
1.808 1.86591
1.809 1.8669
1.81 1.86789
1.811 1.86888
1.812 1.86986
1.813 1.87085
1.814 1.87184
1.815 1.87283
1.816 1.87382
1.817 1.8748
1.818 1.87579
1.819 1.87678
1.82 1.87777
1.821 1.87875
1.822 1.87974
1.823 1.88073
1.824 1.88172
1.825 1.88271
1.826 1.88369
1.827 1.88468
1.828 1.88567
1.829 1.88666
1.83 1.88765
1.831 1.88863
1.832 1.88962
1.833 1.89061
1.834 1.8916
1.835 1.89259
1.836 1.89357
1.837 1.89456
1.838 1.89555
1.839 1.89654
1.84 1.89753
1.841 1.89851
1.842 1.8995
1.843 1.90049
1.844 1.90148
1.845 1.90247
1.846 1.90345
1.847 1.90444
1.848 1.90543
1.849 1.90642
1.85 1.90741
1.851 1.90839
1.852 1.90938
1.853 1.91037
1.854 1.91136
1.855 1.91235
1.856 1.91334
1.857 1.91432
1.858 1.91531
1.859 1.9163
1.86 1.91729
1.861 1.91828
1.862 1.91926
1.863 1.92025
1.864 1.92124
1.865 1.92223
1.866 1.92322
1.867 1.92421
1.868 1.92519
1.869 1.92618
1.87 1.92717
1.871 1.92816
1.872 1.92915
1.873 1.93014
1.874 1.93112
1.875 1.93211
1.876 1.9331
1.877 1.93409
1.878 1.93508
1.879 1.93607
1.88 1.93706
1.881 1.93804
1.882 1.93903
1.883 1.94002
1.884 1.94101
1.885 1.942
1.886 1.94299
1.887 1.94398
1.888 1.94496
1.889 1.94595
1.89 1.94694
1.891 1.94793
1.892 1.94892
1.893 1.94991
1.894 1.9509
1.895 1.95188
1.896 1.95287
1.897 1.95386
1.898 1.95485
1.899 1.95584
1.9 1.95683
1.901 1.95782
1.902 1.95881
1.903 1.95979
1.904 1.96078
1.905 1.96177
1.906 1.96276
1.907 1.96375
1.908 1.96474
1.909 1.96573
1.91 1.96672
1.911 1.9677
1.912 1.96869
1.913 1.96968
1.914 1.97067
1.915 1.97166
1.916 1.97265
1.917 1.97364
1.918 1.97463
1.919 1.97562
1.92 1.97661
1.921 1.97759
1.922 1.97858
1.923 1.97957
1.924 1.98056
1.925 1.98155
1.926 1.98254
1.927 1.98353
1.928 1.98452
1.929 1.98551
1.93 1.9865
1.931 1.98749
1.932 1.98847
1.933 1.98946
1.934 1.99045
1.935 1.99144
1.936 1.99243
1.937 1.99342
1.938 1.99441
1.939 1.9954
1.94 1.99639
1.941 1.99738
1.942 1.99837
1.943 1.99936
1.944 2.00035
1.945 2.00134
1.946 2.00232
1.947 2.00331
1.948 2.0043
1.949 2.00529
1.95 2.00628
1.951 2.00727
1.952 2.00826
1.953 2.00925
1.954 2.01024
1.955 2.01123
1.956 2.01222
1.957 2.01321
1.958 2.0142
1.959 2.01519
1.96 2.01618
1.961 2.01717
1.962 2.01816
1.963 2.01915
1.964 2.02014
1.965 2.02113
1.966 2.02212
1.967 2.02311
1.968 2.02409
1.969 2.02508
1.97 2.02607
1.971 2.02706
1.972 2.02805
1.973 2.02904
1.974 2.03003
1.975 2.03102
1.976 2.03201
1.977 2.033
1.978 2.03399
1.979 2.03498
1.98 2.03597
1.981 2.03696
1.982 2.03795
1.983 2.03894
1.984 2.03993
1.985 2.04092
1.986 2.04191
1.987 2.0429
1.988 2.04389
1.989 2.04488
1.99 2.04587
1.991 2.04686
1.992 2.04785
1.993 2.04884
1.994 2.04983
1.995 2.05082
1.996 2.05181
1.997 2.0528
1.998 2.05379
1.999 2.05478
2 2.05577
2.001 2.05676
2.002 2.05776
2.003 2.05875
2.004 2.05974
2.005 2.06073
2.006 2.06172
2.007 2.06271
2.008 2.0637
2.009 2.06469
2.01 2.06568
2.011 2.06667
2.012 2.06766
2.013 2.06865
2.014 2.06964
2.015 2.07063
2.016 2.07162
2.017 2.07261
2.018 2.0736
2.019 2.07459
2.02 2.07558
2.021 2.07657
2.022 2.07756
2.023 2.07856
2.024 2.07955
2.025 2.08054
2.026 2.08153
2.027 2.08252
2.028 2.08351
2.029 2.0845
2.03 2.08549
2.031 2.08648
2.032 2.08747
2.033 2.08846
2.034 2.08945
2.035 2.09044
2.036 2.09144
2.037 2.09243
2.038 2.09342
2.039 2.09441
2.04 2.0954
2.041 2.09639
2.042 2.09738
2.043 2.09837
2.044 2.09936
2.045 2.10035
2.046 2.10135
2.047 2.10234
2.048 2.10333
2.049 2.10432
2.05 2.10531
2.051 2.1063
2.052 2.10729
2.053 2.10828
2.054 2.10927
2.055 2.11027
2.056 2.11126
2.057 2.11225
2.058 2.11324
2.059 2.11423
2.06 2.11522
2.061 2.11621
2.062 2.1172
2.063 2.1182
2.064 2.11919
2.065 2.12018
2.066 2.12117
2.067 2.12216
2.068 2.12315
2.069 2.12414
2.07 2.12514
2.071 2.12613
2.072 2.12712
2.073 2.12811
2.074 2.1291
2.075 2.13009
2.076 2.13109
2.077 2.13208
2.078 2.13307
2.079 2.13406
2.08 2.13505
2.081 2.13604
2.082 2.13704
2.083 2.13803
2.084 2.13902
2.085 2.14001
2.086 2.141
2.087 2.142
2.088 2.14299
2.089 2.14398
2.09 2.14497
2.091 2.14596
2.092 2.14695
2.093 2.14795
2.094 2.14894
2.095 2.14993
2.096 2.15092
2.097 2.15191
2.098 2.15291
2.099 2.1539
2.1 2.15489
2.101 2.15588
2.102 2.15688
2.103 2.15787
2.104 2.15886
2.105 2.15985
2.106 2.16084
2.107 2.16184
2.108 2.16283
2.109 2.16382
2.11 2.16481
2.111 2.16581
2.112 2.1668
2.113 2.16779
2.114 2.16878
2.115 2.16977
2.116 2.17077
2.117 2.17176
2.118 2.17275
2.119 2.17374
2.12 2.17474
2.121 2.17573
2.122 2.17672
2.123 2.17771
2.124 2.17871
2.125 2.1797
2.126 2.18069
2.127 2.18169
2.128 2.18268
2.129 2.18367
2.13 2.18466
2.131 2.18566
2.132 2.18665
2.133 2.18764
2.134 2.18863
2.135 2.18963
2.136 2.19062
2.137 2.19161
2.138 2.19261
2.139 2.1936
2.14 2.19459
2.141 2.19558
2.142 2.19658
2.143 2.19757
2.144 2.19856
2.145 2.19956
2.146 2.20055
2.147 2.20154
2.148 2.20254
2.149 2.20353
2.15 2.20452
2.151 2.20552
2.152 2.20651
2.153 2.2075
2.154 2.20849
2.155 2.20949
2.156 2.21048
2.157 2.21147
2.158 2.21247
2.159 2.21346
2.16 2.21445
2.161 2.21545
2.162 2.21644
2.163 2.21743
2.164 2.21843
2.165 2.21942
2.166 2.22041
2.167 2.22141
2.168 2.2224
2.169 2.2234
2.17 2.22439
2.171 2.22538
2.172 2.22638
2.173 2.22737
2.174 2.22836
2.175 2.22936
2.176 2.23035
2.177 2.23134
2.178 2.23234
2.179 2.23333
2.18 2.23433
2.181 2.23532
2.182 2.23631
2.183 2.23731
2.184 2.2383
2.185 2.23929
2.186 2.24029
2.187 2.24128
2.188 2.24228
2.189 2.24327
2.19 2.24426
2.191 2.24526
2.192 2.24625
2.193 2.24725
2.194 2.24824
2.195 2.24923
2.196 2.25023
2.197 2.25122
2.198 2.25222
2.199 2.25321
2.2 2.25421
2.201 2.2552
2.202 2.25619
2.203 2.25719
2.204 2.25818
2.205 2.25918
2.206 2.26017
2.207 2.26117
2.208 2.26216
2.209 2.26315
2.21 2.26415
2.211 2.26514
2.212 2.26614
2.213 2.26713
2.214 2.26813
2.215 2.26912
2.216 2.27012
2.217 2.27111
2.218 2.27211
2.219 2.2731
2.22 2.27409
2.221 2.27509
2.222 2.27608
2.223 2.27708
2.224 2.27807
2.225 2.27907
2.226 2.28006
2.227 2.28106
2.228 2.28205
2.229 2.28305
2.23 2.28404
2.231 2.28504
2.232 2.28603
2.233 2.28703
2.234 2.28802
2.235 2.28902
2.236 2.29001
2.237 2.29101
2.238 2.292
2.239 2.293
2.24 2.29399
2.241 2.29499
2.242 2.29598
2.243 2.29698
2.244 2.29797
2.245 2.29897
2.246 2.29996
2.247 2.30096
2.248 2.30195
2.249 2.30295
2.25 2.30394
2.251 2.30494
2.252 2.30594
2.253 2.30693
2.254 2.30793
2.255 2.30892
2.256 2.30992
2.257 2.31091
2.258 2.31191
2.259 2.3129
2.26 2.3139
2.261 2.31489
2.262 2.31589
2.263 2.31689
2.264 2.31788
2.265 2.31888
2.266 2.31987
2.267 2.32087
2.268 2.32186
2.269 2.32286
2.27 2.32386
2.271 2.32485
2.272 2.32585
2.273 2.32684
2.274 2.32784
2.275 2.32883
2.276 2.32983
2.277 2.33083
2.278 2.33182
2.279 2.33282
2.28 2.33381
2.281 2.33481
2.282 2.33581
2.283 2.3368
2.284 2.3378
2.285 2.33879
2.286 2.33979
2.287 2.34079
2.288 2.34178
2.289 2.34278
2.29 2.34378
2.291 2.34477
2.292 2.34577
2.293 2.34676
2.294 2.34776
2.295 2.34876
2.296 2.34975
2.297 2.35075
2.298 2.35175
2.299 2.35274
2.3 2.35374
2.301 2.35474
2.302 2.35573
2.303 2.35673
2.304 2.35773
2.305 2.35872
2.306 2.35972
2.307 2.36072
2.308 2.36171
2.309 2.36271
2.31 2.36371
2.311 2.3647
2.312 2.3657
2.313 2.3667
2.314 2.36769
2.315 2.36869
2.316 2.36969
2.317 2.37068
2.318 2.37168
2.319 2.37268
2.32 2.37367
2.321 2.37467
2.322 2.37567
2.323 2.37666
2.324 2.37766
2.325 2.37866
2.326 2.37966
2.327 2.38065
2.328 2.38165
2.329 2.38265
2.33 2.38364
2.331 2.38464
2.332 2.38564
2.333 2.38664
2.334 2.38763
2.335 2.38863
2.336 2.38963
2.337 2.39062
2.338 2.39162
2.339 2.39262
2.34 2.39362
2.341 2.39461
2.342 2.39561
2.343 2.39661
2.344 2.39761
2.345 2.3986
2.346 2.3996
2.347 2.4006
2.348 2.4016
2.349 2.40259
2.35 2.40359
2.351 2.40459
2.352 2.40559
2.353 2.40658
2.354 2.40758
2.355 2.40858
2.356 2.40958
2.357 2.41058
2.358 2.41157
2.359 2.41257
2.36 2.41357
2.361 2.41457
2.362 2.41557
2.363 2.41656
2.364 2.41756
2.365 2.41856
2.366 2.41956
2.367 2.42055
2.368 2.42155
2.369 2.42255
2.37 2.42355
2.371 2.42455
2.372 2.42555
2.373 2.42654
2.374 2.42754
2.375 2.42854
2.376 2.42954
2.377 2.43054
2.378 2.43153
2.379 2.43253
2.38 2.43353
2.381 2.43453
2.382 2.43553
2.383 2.43653
2.384 2.43752
2.385 2.43852
2.386 2.43952
2.387 2.44052
2.388 2.44152
2.389 2.44252
2.39 2.44352
2.391 2.44451
2.392 2.44551
2.393 2.44651
2.394 2.44751
2.395 2.44851
2.396 2.44951
2.397 2.45051
2.398 2.4515
2.399 2.4525
2.4 2.4535
2.401 2.4545
2.402 2.4555
2.403 2.4565
2.404 2.4575
2.405 2.4585
2.406 2.4595
2.407 2.46049
2.408 2.46149
2.409 2.46249
2.41 2.46349
2.411 2.46449
2.412 2.46549
2.413 2.46649
2.414 2.46749
2.415 2.46849
2.416 2.46949
2.417 2.47048
2.418 2.47148
2.419 2.47248
2.42 2.47348
2.421 2.47448
2.422 2.47548
2.423 2.47648
2.424 2.47748
2.425 2.47848
2.426 2.47948
2.427 2.48048
2.428 2.48148
2.429 2.48248
2.43 2.48348
2.431 2.48448
2.432 2.48548
2.433 2.48647
2.434 2.48747
2.435 2.48847
2.436 2.48947
2.437 2.49047
2.438 2.49147
2.439 2.49247
2.44 2.49347
2.441 2.49447
2.442 2.49547
2.443 2.49647
2.444 2.49747
2.445 2.49847
2.446 2.49947
2.447 2.50047
2.448 2.50147
2.449 2.50247
2.45 2.50347
2.451 2.50447
2.452 2.50547
2.453 2.50647
2.454 2.50747
2.455 2.50847
2.456 2.50947
2.457 2.51047
2.458 2.51147
2.459 2.51247
2.46 2.51347
2.461 2.51447
2.462 2.51547
2.463 2.51647
2.464 2.51747
2.465 2.51847
2.466 2.51947
2.467 2.52047
2.468 2.52147
2.469 2.52247
2.47 2.52347
2.471 2.52447
2.472 2.52547
2.473 2.52648
2.474 2.52748
2.475 2.52848
2.476 2.52948
2.477 2.53048
2.478 2.53148
2.479 2.53248
2.48 2.53348
2.481 2.53448
2.482 2.53548
2.483 2.53648
2.484 2.53748
2.485 2.53848
2.486 2.53948
2.487 2.54048
2.488 2.54148
2.489 2.54249
2.49 2.54349
2.491 2.54449
2.492 2.54549
2.493 2.54649
2.494 2.54749
2.495 2.54849
2.496 2.54949
2.497 2.55049
2.498 2.55149
2.499 2.55249
2.5 2.5535
2.501 2.5545
2.502 2.5555
2.503 2.5565
2.504 2.5575
2.505 2.5585
2.506 2.5595
2.507 2.5605
2.508 2.56151
2.509 2.56251
2.51 2.56351
2.511 2.56451
2.512 2.56551
2.513 2.56651
2.514 2.56751
2.515 2.56851
2.516 2.56952
2.517 2.57052
2.518 2.57152
2.519 2.57252
2.52 2.57352
2.521 2.57452
2.522 2.57552
2.523 2.57653
2.524 2.57753
2.525 2.57853
2.526 2.57953
2.527 2.58053
2.528 2.58153
2.529 2.58254
2.53 2.58354
2.531 2.58454
2.532 2.58554
2.533 2.58654
2.534 2.58755
2.535 2.58855
2.536 2.58955
2.537 2.59055
2.538 2.59155
2.539 2.59255
2.54 2.59356
2.541 2.59456
2.542 2.59556
2.543 2.59656
2.544 2.59756
2.545 2.59857
2.546 2.59957
2.547 2.60057
2.548 2.60157
2.549 2.60257
2.55 2.60358
2.551 2.60458
2.552 2.60558
2.553 2.60658
2.554 2.60759
2.555 2.60859
2.556 2.60959
2.557 2.61059
2.558 2.6116
2.559 2.6126
2.56 2.6136
2.561 2.6146
2.562 2.6156
2.563 2.61661
2.564 2.61761
2.565 2.61861
2.566 2.61961
2.567 2.62062
2.568 2.62162
2.569 2.62262
2.57 2.62363
2.571 2.62463
2.572 2.62563
2.573 2.62663
2.574 2.62764
2.575 2.62864
2.576 2.62964
2.577 2.63064
2.578 2.63165
2.579 2.63265
2.58 2.63365
2.581 2.63465
2.582 2.63566
2.583 2.63666
2.584 2.63766
2.585 2.63867
2.586 2.63967
2.587 2.64067
2.588 2.64168
2.589 2.64268
2.59 2.64368
2.591 2.64468
2.592 2.64569
2.593 2.64669
2.594 2.64769
2.595 2.6487
2.596 2.6497
2.597 2.6507
2.598 2.65171
2.599 2.65271
2.6 2.65371
2.601 2.65472
2.602 2.65572
2.603 2.65672
2.604 2.65773
2.605 2.65873
2.606 2.65973
2.607 2.66074
2.608 2.66174
2.609 2.66274
2.61 2.66375
2.611 2.66475
2.612 2.66575
2.613 2.66676
2.614 2.66776
2.615 2.66876
2.616 2.66977
2.617 2.67077
2.618 2.67177
2.619 2.67278
2.62 2.67378
2.621 2.67479
2.622 2.67579
2.623 2.67679
2.624 2.6778
2.625 2.6788
2.626 2.6798
2.627 2.68081
2.628 2.68181
2.629 2.68282
2.63 2.68382
2.631 2.68482
2.632 2.68583
2.633 2.68683
2.634 2.68784
2.635 2.68884
2.636 2.68984
2.637 2.69085
2.638 2.69185
2.639 2.69286
2.64 2.69386
2.641 2.69486
2.642 2.69587
2.643 2.69687
2.644 2.69788
2.645 2.69888
2.646 2.69988
2.647 2.70089
2.648 2.70189
2.649 2.7029
2.65 2.7039
2.651 2.70491
2.652 2.70591
2.653 2.70691
2.654 2.70792
2.655 2.70892
2.656 2.70993
2.657 2.71093
2.658 2.71194
2.659 2.71294
2.66 2.71394
2.661 2.71495
2.662 2.71595
2.663 2.71696
2.664 2.71796
2.665 2.71897
2.666 2.71997
2.667 2.72098
2.668 2.72198
2.669 2.72299
2.67 2.72399
2.671 2.72499
2.672 2.726
2.673 2.727
2.674 2.72801
2.675 2.72901
2.676 2.73002
2.677 2.73102
2.678 2.73203
2.679 2.73303
2.68 2.73404
2.681 2.73504
2.682 2.73605
2.683 2.73705
2.684 2.73806
2.685 2.73906
2.686 2.74007
2.687 2.74107
2.688 2.74208
2.689 2.74308
2.69 2.74409
2.691 2.74509
2.692 2.7461
2.693 2.7471
2.694 2.74811
2.695 2.74911
2.696 2.75012
2.697 2.75112
2.698 2.75213
2.699 2.75313
2.7 2.75414
2.701 2.75514
2.702 2.75615
2.703 2.75715
2.704 2.75816
2.705 2.75916
2.706 2.76017
2.707 2.76118
2.708 2.76218
2.709 2.76319
2.71 2.76419
2.711 2.7652
2.712 2.7662
2.713 2.76721
2.714 2.76821
2.715 2.76922
2.716 2.77022
2.717 2.77123
2.718 2.77224
2.719 2.77324
2.72 2.77425
2.721 2.77525
2.722 2.77626
2.723 2.77726
2.724 2.77827
2.725 2.77927
2.726 2.78028
2.727 2.78129
2.728 2.78229
2.729 2.7833
2.73 2.7843
2.731 2.78531
2.732 2.78632
2.733 2.78732
2.734 2.78833
2.735 2.78933
2.736 2.79034
2.737 2.79134
2.738 2.79235
2.739 2.79336
2.74 2.79436
2.741 2.79537
2.742 2.79637
2.743 2.79738
2.744 2.79839
2.745 2.79939
2.746 2.8004
2.747 2.8014
2.748 2.80241
2.749 2.80342
2.75 2.80442
2.751 2.80543
2.752 2.80643
2.753 2.80744
2.754 2.80845
2.755 2.80945
2.756 2.81046
2.757 2.81147
2.758 2.81247
2.759 2.81348
2.76 2.81448
2.761 2.81549
2.762 2.8165
2.763 2.8175
2.764 2.81851
2.765 2.81952
2.766 2.82052
2.767 2.82153
2.768 2.82254
2.769 2.82354
2.77 2.82455
2.771 2.82556
2.772 2.82656
2.773 2.82757
2.774 2.82857
2.775 2.82958
2.776 2.83059
2.777 2.83159
2.778 2.8326
2.779 2.83361
2.78 2.83461
2.781 2.83562
2.782 2.83663
2.783 2.83763
2.784 2.83864
2.785 2.83965
2.786 2.84065
2.787 2.84166
2.788 2.84267
2.789 2.84367
2.79 2.84468
2.791 2.84569
2.792 2.8467
2.793 2.8477
2.794 2.84871
2.795 2.84972
2.796 2.85072
2.797 2.85173
2.798 2.85274
2.799 2.85374
2.8 2.85475
2.801 2.85576
2.802 2.85676
2.803 2.85777
2.804 2.85878
2.805 2.85979
2.806 2.86079
2.807 2.8618
2.808 2.86281
2.809 2.86381
2.81 2.86482
2.811 2.86583
2.812 2.86684
2.813 2.86784
2.814 2.86885
2.815 2.86986
2.816 2.87086
2.817 2.87187
2.818 2.87288
2.819 2.87389
2.82 2.87489
2.821 2.8759
2.822 2.87691
2.823 2.87791
2.824 2.87892
2.825 2.87993
2.826 2.88094
2.827 2.88194
2.828 2.88295
2.829 2.88396
2.83 2.88497
2.831 2.88597
2.832 2.88698
2.833 2.88799
2.834 2.889
2.835 2.89
2.836 2.89101
2.837 2.89202
2.838 2.89303
2.839 2.89403
2.84 2.89504
2.841 2.89605
2.842 2.89706
2.843 2.89806
2.844 2.89907
2.845 2.90008
2.846 2.90109
2.847 2.90209
2.848 2.9031
2.849 2.90411
2.85 2.90512
2.851 2.90613
2.852 2.90713
2.853 2.90814
2.854 2.90915
2.855 2.91016
2.856 2.91116
2.857 2.91217
2.858 2.91318
2.859 2.91419
2.86 2.9152
2.861 2.9162
2.862 2.91721
2.863 2.91822
2.864 2.91923
2.865 2.92024
2.866 2.92124
2.867 2.92225
2.868 2.92326
2.869 2.92427
2.87 2.92528
2.871 2.92628
2.872 2.92729
2.873 2.9283
2.874 2.92931
2.875 2.93032
2.876 2.93132
2.877 2.93233
2.878 2.93334
2.879 2.93435
2.88 2.93536
2.881 2.93636
2.882 2.93737
2.883 2.93838
2.884 2.93939
2.885 2.9404
2.886 2.9414
2.887 2.94241
2.888 2.94342
2.889 2.94443
2.89 2.94544
2.891 2.94645
2.892 2.94745
2.893 2.94846
2.894 2.94947
2.895 2.95048
2.896 2.95149
2.897 2.9525
2.898 2.9535
2.899 2.95451
2.9 2.95552
2.901 2.95653
2.902 2.95754
2.903 2.95855
2.904 2.95955
2.905 2.96056
2.906 2.96157
2.907 2.96258
2.908 2.96359
2.909 2.9646
2.91 2.96561
2.911 2.96661
2.912 2.96762
2.913 2.96863
2.914 2.96964
2.915 2.97065
2.916 2.97166
2.917 2.97267
2.918 2.97367
2.919 2.97468
2.92 2.97569
2.921 2.9767
2.922 2.97771
2.923 2.97872
2.924 2.97973
2.925 2.98074
2.926 2.98174
2.927 2.98275
2.928 2.98376
2.929 2.98477
2.93 2.98578
2.931 2.98679
2.932 2.9878
2.933 2.98881
2.934 2.98981
2.935 2.99082
2.936 2.99183
2.937 2.99284
2.938 2.99385
2.939 2.99486
2.94 2.99587
2.941 2.99688
2.942 2.99788
2.943 2.99889
2.944 2.9999
2.945 3.00091
2.946 3.00192
2.947 3.00293
2.948 3.00394
2.949 3.00495
2.95 3.00596
2.951 3.00697
2.952 3.00797
2.953 3.00898
2.954 3.00999
2.955 3.011
2.956 3.01201
2.957 3.01302
2.958 3.01403
2.959 3.01504
2.96 3.01605
2.961 3.01706
2.962 3.01807
2.963 3.01907
2.964 3.02008
2.965 3.02109
2.966 3.0221
2.967 3.02311
2.968 3.02412
2.969 3.02513
2.97 3.02614
2.971 3.02715
2.972 3.02816
2.973 3.02917
2.974 3.03018
2.975 3.03118
2.976 3.03219
2.977 3.0332
2.978 3.03421
2.979 3.03522
2.98 3.03623
2.981 3.03724
2.982 3.03825
2.983 3.03926
2.984 3.04027
2.985 3.04128
2.986 3.04229
2.987 3.0433
2.988 3.04431
2.989 3.04532
2.99 3.04632
2.991 3.04733
2.992 3.04834
2.993 3.04935
2.994 3.05036
2.995 3.05137
2.996 3.05238
2.997 3.05339
2.998 3.0544
2.999 3.05541
3 3.05642
3.001 3.05743
3.002 3.05844
3.003 3.05945
3.004 3.06046
3.005 3.06147
3.006 3.06248
3.007 3.06349
3.008 3.0645
3.009 3.06551
3.01 3.06651
3.011 3.06752
3.012 3.06853
3.013 3.06954
3.014 3.07055
3.015 3.07156
3.016 3.07257
3.017 3.07358
3.018 3.07459
3.019 3.0756
3.02 3.07661
3.021 3.07762
3.022 3.07863
3.023 3.07964
3.024 3.08065
3.025 3.08166
3.026 3.08267
3.027 3.08368
3.028 3.08469
3.029 3.0857
3.03 3.08671
3.031 3.08772
3.032 3.08873
3.033 3.08974
3.034 3.09075
3.035 3.09176
3.036 3.09277
3.037 3.09378
3.038 3.09479
3.039 3.0958
3.04 3.09681
3.041 3.09782
3.042 3.09883
3.043 3.09984
3.044 3.10085
3.045 3.10186
3.046 3.10287
3.047 3.10388
3.048 3.10489
3.049 3.1059
3.05 3.10691
3.051 3.10792
3.052 3.10893
3.053 3.10993
3.054 3.11094
3.055 3.11195
3.056 3.11296
3.057 3.11397
3.058 3.11498
3.059 3.11599
3.06 3.117
3.061 3.11801
3.062 3.11902
3.063 3.12003
3.064 3.12104
3.065 3.12205
3.066 3.12306
3.067 3.12407
3.068 3.12508
3.069 3.12609
3.07 3.1271
3.071 3.12812
3.072 3.12913
3.073 3.13014
3.074 3.13115
3.075 3.13216
3.076 3.13317
3.077 3.13418
3.078 3.13519
3.079 3.1362
3.08 3.13721
3.081 3.13822
3.082 3.13923
3.083 3.14024
3.084 3.14125
3.085 3.14226
3.086 3.14327
3.087 3.14428
3.088 3.14529
3.089 3.1463
3.09 3.14731
3.091 3.14832
3.092 3.14933
3.093 3.15034
3.094 3.15135
3.095 3.15236
3.096 3.15337
3.097 3.15438
3.098 3.15539
3.099 3.1564
3.1 3.15741
3.101 3.15842
3.102 3.15943
3.103 3.16044
3.104 3.16145
3.105 3.16246
3.106 3.16347
3.107 3.16448
3.108 3.16549
3.109 3.1665
3.11 3.16751
3.111 3.16852
3.112 3.16953
3.113 3.17054
3.114 3.17155
3.115 3.17256
3.116 3.17357
3.117 3.17458
3.118 3.17559
3.119 3.17661
3.12 3.17762
3.121 3.17863
3.122 3.17964
3.123 3.18065
3.124 3.18166
3.125 3.18267
3.126 3.18368
3.127 3.18469
3.128 3.1857
3.129 3.18671
3.13 3.18772
3.131 3.18873
3.132 3.18974
3.133 3.19075
3.134 3.19176
3.135 3.19277
3.136 3.19378
3.137 3.19479
3.138 3.1958
3.139 3.19681
3.14 3.19782
3.141 3.19883
3.142 3.19984
3.143 3.20085
3.144 3.20187
3.145 3.20288
3.146 3.20389
3.147 3.2049
3.148 3.20591
3.149 3.20692
3.15 3.20793
3.151 3.20894
3.152 3.20995
3.153 3.21096
3.154 3.21197
3.155 3.21298
3.156 3.21399
3.157 3.215
3.158 3.21601
3.159 3.21702
3.16 3.21803
3.161 3.21904
3.162 3.22005
3.163 3.22106
3.164 3.22208
3.165 3.22309
3.166 3.2241
3.167 3.22511
3.168 3.22612
3.169 3.22713
3.17 3.22814
3.171 3.22915
3.172 3.23016
3.173 3.23117
3.174 3.23218
3.175 3.23319
3.176 3.2342
3.177 3.23521
3.178 3.23622
3.179 3.23723
3.18 3.23824
3.181 3.23925
3.182 3.24027
3.183 3.24128
3.184 3.24229
3.185 3.2433
3.186 3.24431
3.187 3.24532
3.188 3.24633
3.189 3.24734
3.19 3.24835
3.191 3.24936
3.192 3.25037
3.193 3.25138
3.194 3.25239
3.195 3.2534
3.196 3.25441
3.197 3.25542
3.198 3.25643
3.199 3.25745
3.2 3.25846
3.201 3.25947
3.202 3.26048
3.203 3.26149
3.204 3.2625
3.205 3.26351
3.206 3.26452
3.207 3.26553
3.208 3.26654
3.209 3.26755
3.21 3.26856
3.211 3.26957
3.212 3.27058
3.213 3.27159
3.214 3.2726
3.215 3.27362
3.216 3.27463
3.217 3.27564
3.218 3.27665
3.219 3.27766
3.22 3.27867
3.221 3.27968
3.222 3.28069
3.223 3.2817
3.224 3.28271
3.225 3.28372
3.226 3.28473
3.227 3.28574
3.228 3.28675
3.229 3.28776
3.23 3.28878
3.231 3.28979
3.232 3.2908
3.233 3.29181
3.234 3.29282
3.235 3.29383
3.236 3.29484
3.237 3.29585
3.238 3.29686
3.239 3.29787
3.24 3.29888
3.241 3.29989
3.242 3.3009
3.243 3.30191
3.244 3.30292
3.245 3.30394
3.246 3.30495
3.247 3.30596
3.248 3.30697
3.249 3.30798
3.25 3.30899
3.251 3.31
3.252 3.31101
3.253 3.31202
3.254 3.31303
3.255 3.31404
3.256 3.31505
3.257 3.31606
3.258 3.31707
3.259 3.31808
3.26 3.3191
3.261 3.32011
3.262 3.32112
3.263 3.32213
3.264 3.32314
3.265 3.32415
3.266 3.32516
3.267 3.32617
3.268 3.32718
3.269 3.32819
3.27 3.3292
3.271 3.33021
3.272 3.33122
3.273 3.33223
3.274 3.33324
3.275 3.33426
3.276 3.33527
3.277 3.33628
3.278 3.33729
3.279 3.3383
3.28 3.33931
3.281 3.34032
3.282 3.34133
3.283 3.34234
3.284 3.34335
3.285 3.34436
3.286 3.34537
3.287 3.34638
3.288 3.34739
3.289 3.3484
3.29 3.34942
3.291 3.35043
3.292 3.35144
3.293 3.35245
3.294 3.35346
3.295 3.35447
3.296 3.35548
3.297 3.35649
3.298 3.3575
3.299 3.35851
3.3 3.35952
3.301 3.36053
3.302 3.36154
3.303 3.36255
3.304 3.36356
3.305 3.36458
3.306 3.36559
3.307 3.3666
3.308 3.36761
3.309 3.36862
3.31 3.36963
3.311 3.37064
3.312 3.37165
3.313 3.37266
3.314 3.37367
3.315 3.37468
3.316 3.37569
3.317 3.3767
3.318 3.37771
3.319 3.37872
3.32 3.37973
3.321 3.38074
3.322 3.38176
3.323 3.38277
3.324 3.38378
3.325 3.38479
3.326 3.3858
3.327 3.38681
3.328 3.38782
3.329 3.38883
3.33 3.38984
3.331 3.39085
3.332 3.39186
3.333 3.39287
3.334 3.39388
3.335 3.39489
3.336 3.3959
3.337 3.39691
3.338 3.39792
3.339 3.39894
3.34 3.39995
3.341 3.40096
3.342 3.40197
3.343 3.40298
3.344 3.40399
3.345 3.405
3.346 3.40601
3.347 3.40702
3.348 3.40803
3.349 3.40904
3.35 3.41005
3.351 3.41106
3.352 3.41207
3.353 3.41308
3.354 3.41409
3.355 3.4151
3.356 3.41611
3.357 3.41712
3.358 3.41814
3.359 3.41915
3.36 3.42016
3.361 3.42117
3.362 3.42218
3.363 3.42319
3.364 3.4242
3.365 3.42521
3.366 3.42622
3.367 3.42723
3.368 3.42824
3.369 3.42925
3.37 3.43026
3.371 3.43127
3.372 3.43228
3.373 3.43329
3.374 3.4343
3.375 3.43531
3.376 3.43632
3.377 3.43733
3.378 3.43834
3.379 3.43936
3.38 3.44037
3.381 3.44138
3.382 3.44239
3.383 3.4434
3.384 3.44441
3.385 3.44542
3.386 3.44643
3.387 3.44744
3.388 3.44845
3.389 3.44946
3.39 3.45047
3.391 3.45148
3.392 3.45249
3.393 3.4535
3.394 3.45451
3.395 3.45552
3.396 3.45653
3.397 3.45754
3.398 3.45855
3.399 3.45956
3.4 3.46057
3.401 3.46158
3.402 3.46259
3.403 3.4636
3.404 3.46461
3.405 3.46562
3.406 3.46663
3.407 3.46764
3.408 3.46866
3.409 3.46967
3.41 3.47068
3.411 3.47169
3.412 3.4727
3.413 3.47371
3.414 3.47472
3.415 3.47573
3.416 3.47674
3.417 3.47775
3.418 3.47876
3.419 3.47977
3.42 3.48078
3.421 3.48179
3.422 3.4828
3.423 3.48381
3.424 3.48482
3.425 3.48583
3.426 3.48684
3.427 3.48785
3.428 3.48886
3.429 3.48987
3.43 3.49088
3.431 3.49189
3.432 3.4929
3.433 3.49391
3.434 3.49492
3.435 3.49593
3.436 3.49694
3.437 3.49795
3.438 3.49896
3.439 3.49997
3.44 3.50098
3.441 3.50199
3.442 3.503
3.443 3.50401
3.444 3.50502
3.445 3.50603
3.446 3.50704
3.447 3.50805
3.448 3.50906
3.449 3.51007
3.45 3.51108
3.451 3.51209
3.452 3.5131
3.453 3.51411
3.454 3.51512
3.455 3.51613
3.456 3.51714
3.457 3.51815
3.458 3.51916
3.459 3.52017
3.46 3.52118
3.461 3.52219
3.462 3.5232
3.463 3.52421
3.464 3.52522
3.465 3.52623
3.466 3.52724
3.467 3.52825
3.468 3.52926
3.469 3.53027
3.47 3.53128
3.471 3.53229
3.472 3.5333
3.473 3.53431
3.474 3.53532
3.475 3.53633
3.476 3.53734
3.477 3.53835
3.478 3.53936
3.479 3.54037
3.48 3.54138
3.481 3.54239
3.482 3.5434
3.483 3.54441
3.484 3.54542
3.485 3.54643
3.486 3.54744
3.487 3.54845
3.488 3.54946
3.489 3.55047
3.49 3.55148
3.491 3.55249
3.492 3.5535
3.493 3.55451
3.494 3.55552
3.495 3.55653
3.496 3.55754
3.497 3.55855
3.498 3.55956
3.499 3.56057
3.5 3.56158
3.501 3.56259
3.502 3.5636
3.503 3.56461
3.504 3.56562
3.505 3.56663
3.506 3.56763
3.507 3.56864
3.508 3.56965
3.509 3.57066
3.51 3.57167
3.511 3.57268
3.512 3.57369
3.513 3.5747
3.514 3.57571
3.515 3.57672
3.516 3.57773
3.517 3.57874
3.518 3.57975
3.519 3.58076
3.52 3.58177
3.521 3.58278
3.522 3.58379
3.523 3.5848
3.524 3.58581
3.525 3.58682
3.526 3.58783
3.527 3.58884
3.528 3.58985
3.529 3.59085
3.53 3.59186
3.531 3.59287
3.532 3.59388
3.533 3.59489
3.534 3.5959
3.535 3.59691
3.536 3.59792
3.537 3.59893
3.538 3.59994
3.539 3.60095
3.54 3.60196
3.541 3.60297
3.542 3.60398
3.543 3.60499
3.544 3.606
3.545 3.60701
3.546 3.60801
3.547 3.60902
3.548 3.61003
3.549 3.61104
3.55 3.61205
3.551 3.61306
3.552 3.61407
3.553 3.61508
3.554 3.61609
3.555 3.6171
3.556 3.61811
3.557 3.61912
3.558 3.62013
3.559 3.62114
3.56 3.62214
3.561 3.62315
3.562 3.62416
3.563 3.62517
3.564 3.62618
3.565 3.62719
3.566 3.6282
3.567 3.62921
3.568 3.63022
3.569 3.63123
3.57 3.63224
3.571 3.63325
3.572 3.63425
3.573 3.63526
3.574 3.63627
3.575 3.63728
3.576 3.63829
3.577 3.6393
3.578 3.64031
3.579 3.64132
3.58 3.64233
3.581 3.64334
3.582 3.64435
3.583 3.64535
3.584 3.64636
3.585 3.64737
3.586 3.64838
3.587 3.64939
3.588 3.6504
3.589 3.65141
3.59 3.65242
3.591 3.65343
3.592 3.65443
3.593 3.65544
3.594 3.65645
3.595 3.65746
3.596 3.65847
3.597 3.65948
3.598 3.66049
3.599 3.6615
3.6 3.66251
3.601 3.66351
3.602 3.66452
3.603 3.66553
3.604 3.66654
3.605 3.66755
3.606 3.66856
3.607 3.66957
3.608 3.67058
3.609 3.67158
3.61 3.67259
3.611 3.6736
3.612 3.67461
3.613 3.67562
3.614 3.67663
3.615 3.67764
3.616 3.67865
3.617 3.67965
3.618 3.68066
3.619 3.68167
3.62 3.68268
3.621 3.68369
3.622 3.6847
3.623 3.68571
3.624 3.68671
3.625 3.68772
3.626 3.68873
3.627 3.68974
3.628 3.69075
3.629 3.69176
3.63 3.69277
3.631 3.69377
3.632 3.69478
3.633 3.69579
3.634 3.6968
3.635 3.69781
3.636 3.69882
3.637 3.69983
3.638 3.70083
3.639 3.70184
3.64 3.70285
3.641 3.70386
3.642 3.70487
3.643 3.70588
3.644 3.70688
3.645 3.70789
3.646 3.7089
3.647 3.70991
3.648 3.71092
3.649 3.71193
3.65 3.71293
3.651 3.71394
3.652 3.71495
3.653 3.71596
3.654 3.71697
3.655 3.71798
3.656 3.71898
3.657 3.71999
3.658 3.721
3.659 3.72201
3.66 3.72302
3.661 3.72403
3.662 3.72503
3.663 3.72604
3.664 3.72705
3.665 3.72806
3.666 3.72907
3.667 3.73007
3.668 3.73108
3.669 3.73209
3.67 3.7331
3.671 3.73411
3.672 3.73512
3.673 3.73612
3.674 3.73713
3.675 3.73814
3.676 3.73915
3.677 3.74016
3.678 3.74116
3.679 3.74217
3.68 3.74318
3.681 3.74419
3.682 3.7452
3.683 3.7462
3.684 3.74721
3.685 3.74822
3.686 3.74923
3.687 3.75023
3.688 3.75124
3.689 3.75225
3.69 3.75326
3.691 3.75427
3.692 3.75527
3.693 3.75628
3.694 3.75729
3.695 3.7583
3.696 3.75931
3.697 3.76031
3.698 3.76132
3.699 3.76233
3.7 3.76334
3.701 3.76434
3.702 3.76535
3.703 3.76636
3.704 3.76737
3.705 3.76838
3.706 3.76938
3.707 3.77039
3.708 3.7714
3.709 3.77241
3.71 3.77341
3.711 3.77442
3.712 3.77543
3.713 3.77644
3.714 3.77744
3.715 3.77845
3.716 3.77946
3.717 3.78047
3.718 3.78147
3.719 3.78248
3.72 3.78349
3.721 3.7845
3.722 3.7855
3.723 3.78651
3.724 3.78752
3.725 3.78853
3.726 3.78953
3.727 3.79054
3.728 3.79155
3.729 3.79256
3.73 3.79356
3.731 3.79457
3.732 3.79558
3.733 3.79659
3.734 3.79759
3.735 3.7986
3.736 3.79961
3.737 3.80062
3.738 3.80162
3.739 3.80263
3.74 3.80364
3.741 3.80465
3.742 3.80565
3.743 3.80666
3.744 3.80767
3.745 3.80867
3.746 3.80968
3.747 3.81069
3.748 3.8117
3.749 3.8127
3.75 3.81371
3.751 3.81472
3.752 3.81572
3.753 3.81673
3.754 3.81774
3.755 3.81875
3.756 3.81975
3.757 3.82076
3.758 3.82177
3.759 3.82277
3.76 3.82378
3.761 3.82479
3.762 3.8258
3.763 3.8268
3.764 3.82781
3.765 3.82882
3.766 3.82982
3.767 3.83083
3.768 3.83184
3.769 3.83284
3.77 3.83385
3.771 3.83486
3.772 3.83587
3.773 3.83687
3.774 3.83788
3.775 3.83889
3.776 3.83989
3.777 3.8409
3.778 3.84191
3.779 3.84291
3.78 3.84392
3.781 3.84493
3.782 3.84593
3.783 3.84694
3.784 3.84795
3.785 3.84895
3.786 3.84996
3.787 3.85097
3.788 3.85197
3.789 3.85298
3.79 3.85399
3.791 3.85499
3.792 3.856
3.793 3.85701
3.794 3.85801
3.795 3.85902
3.796 3.86003
3.797 3.86103
3.798 3.86204
3.799 3.86305
3.8 3.86405
3.801 3.86506
3.802 3.86607
3.803 3.86707
3.804 3.86808
3.805 3.86909
3.806 3.87009
3.807 3.8711
3.808 3.87211
3.809 3.87311
3.81 3.87412
3.811 3.87513
3.812 3.87613
3.813 3.87714
3.814 3.87814
3.815 3.87915
3.816 3.88016
3.817 3.88116
3.818 3.88217
3.819 3.88318
3.82 3.88418
3.821 3.88519
3.822 3.8862
3.823 3.8872
3.824 3.88821
3.825 3.88921
3.826 3.89022
3.827 3.89123
3.828 3.89223
3.829 3.89324
3.83 3.89425
3.831 3.89525
3.832 3.89626
3.833 3.89726
3.834 3.89827
3.835 3.89928
3.836 3.90028
3.837 3.90129
3.838 3.90229
3.839 3.9033
3.84 3.90431
3.841 3.90531
3.842 3.90632
3.843 3.90732
3.844 3.90833
3.845 3.90934
3.846 3.91034
3.847 3.91135
3.848 3.91235
3.849 3.91336
3.85 3.91437
3.851 3.91537
3.852 3.91638
3.853 3.91738
3.854 3.91839
3.855 3.9194
3.856 3.9204
3.857 3.92141
3.858 3.92241
3.859 3.92342
3.86 3.92443
3.861 3.92543
3.862 3.92644
3.863 3.92744
3.864 3.92845
3.865 3.92945
3.866 3.93046
3.867 3.93147
3.868 3.93247
3.869 3.93348
3.87 3.93448
3.871 3.93549
3.872 3.93649
3.873 3.9375
3.874 3.93851
3.875 3.93951
3.876 3.94052
3.877 3.94152
3.878 3.94253
3.879 3.94353
3.88 3.94454
3.881 3.94554
3.882 3.94655
3.883 3.94756
3.884 3.94856
3.885 3.94957
3.886 3.95057
3.887 3.95158
3.888 3.95258
3.889 3.95359
3.89 3.95459
3.891 3.9556
3.892 3.9566
3.893 3.95761
3.894 3.95862
3.895 3.95962
3.896 3.96063
3.897 3.96163
3.898 3.96264
3.899 3.96364
3.9 3.96465
3.901 3.96565
3.902 3.96666
3.903 3.96766
3.904 3.96867
3.905 3.96967
3.906 3.97068
3.907 3.97168
3.908 3.97269
3.909 3.97369
3.91 3.9747
3.911 3.9757
3.912 3.97671
3.913 3.97772
3.914 3.97872
3.915 3.97973
3.916 3.98073
3.917 3.98174
3.918 3.98274
3.919 3.98375
3.92 3.98475
3.921 3.98576
3.922 3.98676
3.923 3.98777
3.924 3.98877
3.925 3.98978
3.926 3.99078
3.927 3.99179
3.928 3.99279
3.929 3.9938
3.93 3.9948
3.931 3.99581
3.932 3.99681
3.933 3.99782
3.934 3.99882
3.935 3.99983
3.936 4.00083
3.937 4.00183
3.938 4.00284
3.939 4.00384
3.94 4.00485
3.941 4.00585
3.942 4.00686
3.943 4.00786
3.944 4.00887
3.945 4.00987
3.946 4.01088
3.947 4.01188
3.948 4.01289
3.949 4.01389
3.95 4.0149
3.951 4.0159
3.952 4.01691
3.953 4.01791
3.954 4.01892
3.955 4.01992
3.956 4.02092
3.957 4.02193
3.958 4.02293
3.959 4.02394
3.96 4.02494
3.961 4.02595
3.962 4.02695
3.963 4.02796
3.964 4.02896
3.965 4.02997
3.966 4.03097
3.967 4.03197
3.968 4.03298
3.969 4.03398
3.97 4.03499
3.971 4.03599
3.972 4.037
3.973 4.038
3.974 4.039
3.975 4.04001
3.976 4.04101
3.977 4.04202
3.978 4.04302
3.979 4.04403
3.98 4.04503
3.981 4.04604
3.982 4.04704
3.983 4.04804
3.984 4.04905
3.985 4.05005
3.986 4.05106
3.987 4.05206
3.988 4.05306
3.989 4.05407
3.99 4.05507
3.991 4.05608
3.992 4.05708
3.993 4.05809
3.994 4.05909
3.995 4.06009
3.996 4.0611
3.997 4.0621
3.998 4.06311
3.999 4.06411
4 4.06511
4.001 4.06612
4.002 4.06712
4.003 4.06813
4.004 4.06913
4.005 4.07013
4.006 4.07114
4.007 4.07214
4.008 4.07315
4.009 4.07415
4.01 4.07515
4.011 4.07616
4.012 4.07716
4.013 4.07817
4.014 4.07917
4.015 4.08017
4.016 4.08118
4.017 4.08218
4.018 4.08319
4.019 4.08419
4.02 4.08519
4.021 4.0862
4.022 4.0872
4.023 4.0882
4.024 4.08921
4.025 4.09021
4.026 4.09122
4.027 4.09222
4.028 4.09322
4.029 4.09423
4.03 4.09523
4.031 4.09623
4.032 4.09724
4.033 4.09824
4.034 4.09925
4.035 4.10025
4.036 4.10125
4.037 4.10226
4.038 4.10326
4.039 4.10426
4.04 4.10527
4.041 4.10627
4.042 4.10727
4.043 4.10828
4.044 4.10928
4.045 4.11028
4.046 4.11129
4.047 4.11229
4.048 4.11329
4.049 4.1143
4.05 4.1153
4.051 4.11631
4.052 4.11731
4.053 4.11831
4.054 4.11932
4.055 4.12032
4.056 4.12132
4.057 4.12233
4.058 4.12333
4.059 4.12433
4.06 4.12534
4.061 4.12634
4.062 4.12734
4.063 4.12835
4.064 4.12935
4.065 4.13035
4.066 4.13136
4.067 4.13236
4.068 4.13336
4.069 4.13437
4.07 4.13537
4.071 4.13637
4.072 4.13737
4.073 4.13838
4.074 4.13938
4.075 4.14038
4.076 4.14139
4.077 4.14239
4.078 4.14339
4.079 4.1444
4.08 4.1454
4.081 4.1464
4.082 4.14741
4.083 4.14841
4.084 4.14941
4.085 4.15042
4.086 4.15142
4.087 4.15242
4.088 4.15342
4.089 4.15443
4.09 4.15543
4.091 4.15643
4.092 4.15744
4.093 4.15844
4.094 4.15944
4.095 4.16045
4.096 4.16145
4.097 4.16245
4.098 4.16345
4.099 4.16446
4.1 4.16546
4.101 4.16646
4.102 4.16747
4.103 4.16847
4.104 4.16947
4.105 4.17047
4.106 4.17148
4.107 4.17248
4.108 4.17348
4.109 4.17449
4.11 4.17549
4.111 4.17649
4.112 4.17749
4.113 4.1785
4.114 4.1795
4.115 4.1805
4.116 4.1815
4.117 4.18251
4.118 4.18351
4.119 4.18451
4.12 4.18552
4.121 4.18652
4.122 4.18752
4.123 4.18852
4.124 4.18953
4.125 4.19053
4.126 4.19153
4.127 4.19253
4.128 4.19354
4.129 4.19454
4.13 4.19554
4.131 4.19654
4.132 4.19755
4.133 4.19855
4.134 4.19955
4.135 4.20055
4.136 4.20156
4.137 4.20256
4.138 4.20356
4.139 4.20456
4.14 4.20557
4.141 4.20657
4.142 4.20757
4.143 4.20857
4.144 4.20958
4.145 4.21058
4.146 4.21158
4.147 4.21258
4.148 4.21359
4.149 4.21459
4.15 4.21559
4.151 4.21659
4.152 4.2176
4.153 4.2186
4.154 4.2196
4.155 4.2206
4.156 4.2216
4.157 4.22261
4.158 4.22361
4.159 4.22461
4.16 4.22561
4.161 4.22662
4.162 4.22762
4.163 4.22862
4.164 4.22962
4.165 4.23063
4.166 4.23163
4.167 4.23263
4.168 4.23363
4.169 4.23463
4.17 4.23564
4.171 4.23664
4.172 4.23764
4.173 4.23864
4.174 4.23964
4.175 4.24065
4.176 4.24165
4.177 4.24265
4.178 4.24365
4.179 4.24466
4.18 4.24566
4.181 4.24666
4.182 4.24766
4.183 4.24866
4.184 4.24967
4.185 4.25067
4.186 4.25167
4.187 4.25267
4.188 4.25367
4.189 4.25468
4.19 4.25568
4.191 4.25668
4.192 4.25768
4.193 4.25868
4.194 4.25969
4.195 4.26069
4.196 4.26169
4.197 4.26269
4.198 4.26369
4.199 4.26469
4.2 4.2657
4.201 4.2667
4.202 4.2677
4.203 4.2687
4.204 4.2697
4.205 4.27071
4.206 4.27171
4.207 4.27271
4.208 4.27371
4.209 4.27471
4.21 4.27571
4.211 4.27672
4.212 4.27772
4.213 4.27872
4.214 4.27972
4.215 4.28072
4.216 4.28173
4.217 4.28273
4.218 4.28373
4.219 4.28473
4.22 4.28573
4.221 4.28673
4.222 4.28774
4.223 4.28874
4.224 4.28974
4.225 4.29074
4.226 4.29174
4.227 4.29274
4.228 4.29375
4.229 4.29475
4.23 4.29575
4.231 4.29675
4.232 4.29775
4.233 4.29875
4.234 4.29976
4.235 4.30076
4.236 4.30176
4.237 4.30276
4.238 4.30376
4.239 4.30476
4.24 4.30576
4.241 4.30677
4.242 4.30777
4.243 4.30877
4.244 4.30977
4.245 4.31077
4.246 4.31177
4.247 4.31277
4.248 4.31378
4.249 4.31478
4.25 4.31578
4.251 4.31678
4.252 4.31778
4.253 4.31878
4.254 4.31978
4.255 4.32079
4.256 4.32179
4.257 4.32279
4.258 4.32379
4.259 4.32479
4.26 4.32579
4.261 4.32679
4.262 4.3278
4.263 4.3288
4.264 4.3298
4.265 4.3308
4.266 4.3318
4.267 4.3328
4.268 4.3338
4.269 4.33481
4.27 4.33581
4.271 4.33681
4.272 4.33781
4.273 4.33881
4.274 4.33981
4.275 4.34081
4.276 4.34181
4.277 4.34282
4.278 4.34382
4.279 4.34482
4.28 4.34582
4.281 4.34682
4.282 4.34782
4.283 4.34882
4.284 4.34982
4.285 4.35083
4.286 4.35183
4.287 4.35283
4.288 4.35383
4.289 4.35483
4.29 4.35583
4.291 4.35683
4.292 4.35783
4.293 4.35883
4.294 4.35984
4.295 4.36084
4.296 4.36184
4.297 4.36284
4.298 4.36384
4.299 4.36484
4.3 4.36584
4.301 4.36684
4.302 4.36784
4.303 4.36885
4.304 4.36985
4.305 4.37085
4.306 4.37185
4.307 4.37285
4.308 4.37385
4.309 4.37485
4.31 4.37585
4.311 4.37685
4.312 4.37785
4.313 4.37886
4.314 4.37986
4.315 4.38086
4.316 4.38186
4.317 4.38286
4.318 4.38386
4.319 4.38486
4.32 4.38586
4.321 4.38686
4.322 4.38786
4.323 4.38887
4.324 4.38987
4.325 4.39087
4.326 4.39187
4.327 4.39287
4.328 4.39387
4.329 4.39487
4.33 4.39587
4.331 4.39687
4.332 4.39787
4.333 4.39887
4.334 4.39988
4.335 4.40088
4.336 4.40188
4.337 4.40288
4.338 4.40388
4.339 4.40488
4.34 4.40588
4.341 4.40688
4.342 4.40788
4.343 4.40888
4.344 4.40988
4.345 4.41088
4.346 4.41189
4.347 4.41289
4.348 4.41389
4.349 4.41489
4.35 4.41589
4.351 4.41689
4.352 4.41789
4.353 4.41889
4.354 4.41989
4.355 4.42089
4.356 4.42189
4.357 4.42289
4.358 4.42389
4.359 4.4249
4.36 4.4259
4.361 4.4269
4.362 4.4279
4.363 4.4289
4.364 4.4299
4.365 4.4309
4.366 4.4319
4.367 4.4329
4.368 4.4339
4.369 4.4349
4.37 4.4359
4.371 4.4369
4.372 4.4379
4.373 4.4389
4.374 4.43991
4.375 4.44091
4.376 4.44191
4.377 4.44291
4.378 4.44391
4.379 4.44491
4.38 4.44591
4.381 4.44691
4.382 4.44791
4.383 4.44891
4.384 4.44991
4.385 4.45091
4.386 4.45191
4.387 4.45291
4.388 4.45391
4.389 4.45491
4.39 4.45592
4.391 4.45692
4.392 4.45792
4.393 4.45892
4.394 4.45992
4.395 4.46092
4.396 4.46192
4.397 4.46292
4.398 4.46392
4.399 4.46492
4.4 4.46592
4.401 4.46692
4.402 4.46792
4.403 4.46892
4.404 4.46992
4.405 4.47092
4.406 4.47192
4.407 4.47292
4.408 4.47393
4.409 4.47493
4.41 4.47593
4.411 4.47693
4.412 4.47793
4.413 4.47893
4.414 4.47993
4.415 4.48093
4.416 4.48193
4.417 4.48293
4.418 4.48393
4.419 4.48493
4.42 4.48593
4.421 4.48693
4.422 4.48793
4.423 4.48893
4.424 4.48993
4.425 4.49093
4.426 4.49193
4.427 4.49293
4.428 4.49394
4.429 4.49494
4.43 4.49594
4.431 4.49694
4.432 4.49794
4.433 4.49894
4.434 4.49994
4.435 4.50094
4.436 4.50194
4.437 4.50294
4.438 4.50394
4.439 4.50494
4.44 4.50594
4.441 4.50694
4.442 4.50794
4.443 4.50894
4.444 4.50994
4.445 4.51094
4.446 4.51194
4.447 4.51294
4.448 4.51394
4.449 4.51494
4.45 4.51594
4.451 4.51694
4.452 4.51794
4.453 4.51895
4.454 4.51995
4.455 4.52095
4.456 4.52195
4.457 4.52295
4.458 4.52395
4.459 4.52495
4.46 4.52595
4.461 4.52695
4.462 4.52795
4.463 4.52895
4.464 4.52995
4.465 4.53095
4.466 4.53195
4.467 4.53295
4.468 4.53395
4.469 4.53495
4.47 4.53595
4.471 4.53695
4.472 4.53795
4.473 4.53895
4.474 4.53995
4.475 4.54095
4.476 4.54195
4.477 4.54295
4.478 4.54395
4.479 4.54495
4.48 4.54595
4.481 4.54696
4.482 4.54796
4.483 4.54896
4.484 4.54996
4.485 4.55096
4.486 4.55196
4.487 4.55296
4.488 4.55396
4.489 4.55496
4.49 4.55596
4.491 4.55696
4.492 4.55796
4.493 4.55896
4.494 4.55996
4.495 4.56096
4.496 4.56196
4.497 4.56296
4.498 4.56396
4.499 4.56496
4.5 4.56596
4.501 4.56696
4.502 4.56796
4.503 4.56896
4.504 4.56996
4.505 4.57096
4.506 4.57196
4.507 4.57296
4.508 4.57396
4.509 4.57496
4.51 4.57596
4.511 4.57696
4.512 4.57796
4.513 4.57897
4.514 4.57997
4.515 4.58097
4.516 4.58197
4.517 4.58297
4.518 4.58397
4.519 4.58497
4.52 4.58597
4.521 4.58697
4.522 4.58797
4.523 4.58897
4.524 4.58997
4.525 4.59097
4.526 4.59197
4.527 4.59297
4.528 4.59397
4.529 4.59497
4.53 4.59597
4.531 4.59697
4.532 4.59797
4.533 4.59897
4.534 4.59997
4.535 4.60097
4.536 4.60197
4.537 4.60297
4.538 4.60397
4.539 4.60497
4.54 4.60597
4.541 4.60697
4.542 4.60797
4.543 4.60897
4.544 4.60997
4.545 4.61097
4.546 4.61197
4.547 4.61298
4.548 4.61398
4.549 4.61498
4.55 4.61598
4.551 4.61698
4.552 4.61798
4.553 4.61898
4.554 4.61998
4.555 4.62098
4.556 4.62198
4.557 4.62298
4.558 4.62398
4.559 4.62498
4.56 4.62598
4.561 4.62698
4.562 4.62798
4.563 4.62898
4.564 4.62998
4.565 4.63098
4.566 4.63198
4.567 4.63298
4.568 4.63398
4.569 4.63498
4.57 4.63598
4.571 4.63698
4.572 4.63798
4.573 4.63898
4.574 4.63998
4.575 4.64098
4.576 4.64198
4.577 4.64298
4.578 4.64398
4.579 4.64499
4.58 4.64599
4.581 4.64699
4.582 4.64799
4.583 4.64899
4.584 4.64999
4.585 4.65099
4.586 4.65199
4.587 4.65299
4.588 4.65399
4.589 4.65499
4.59 4.65599
4.591 4.65699
4.592 4.65799
4.593 4.65899
4.594 4.65999
4.595 4.66099
4.596 4.66199
4.597 4.66299
4.598 4.66399
4.599 4.66499
4.6 4.66599
4.601 4.66699
4.602 4.66799
4.603 4.66899
4.604 4.66999
4.605 4.67099
4.606 4.67199
4.607 4.67299
4.608 4.674
4.609 4.675
4.61 4.676
4.611 4.677
4.612 4.678
4.613 4.679
4.614 4.68
4.615 4.681
4.616 4.682
4.617 4.683
4.618 4.684
4.619 4.685
4.62 4.686
4.621 4.687
4.622 4.688
4.623 4.689
4.624 4.69
4.625 4.691
4.626 4.692
4.627 4.693
4.628 4.694
4.629 4.695
4.63 4.696
4.631 4.697
4.632 4.69801
4.633 4.69901
4.634 4.70001
4.635 4.70101
4.636 4.70201
4.637 4.70301
4.638 4.70401
4.639 4.70501
4.64 4.70601
4.641 4.70701
4.642 4.70801
4.643 4.70901
4.644 4.71001
4.645 4.71101
4.646 4.71201
4.647 4.71301
4.648 4.71401
4.649 4.71501
4.65 4.71601
4.651 4.71701
4.652 4.71801
4.653 4.71902
4.654 4.72002
4.655 4.72102
4.656 4.72202
4.657 4.72302
4.658 4.72402
4.659 4.72502
4.66 4.72602
4.661 4.72702
4.662 4.72802
4.663 4.72902
4.664 4.73002
4.665 4.73102
4.666 4.73202
4.667 4.73302
4.668 4.73402
4.669 4.73502
4.67 4.73602
4.671 4.73702
4.672 4.73803
4.673 4.73903
4.674 4.74003
4.675 4.74103
4.676 4.74203
4.677 4.74303
4.678 4.74403
4.679 4.74503
4.68 4.74603
4.681 4.74703
4.682 4.74803
4.683 4.74903
4.684 4.75003
4.685 4.75103
4.686 4.75203
4.687 4.75303
4.688 4.75404
4.689 4.75504
4.69 4.75604
4.691 4.75704
4.692 4.75804
4.693 4.75904
4.694 4.76004
4.695 4.76104
4.696 4.76204
4.697 4.76304
4.698 4.76404
4.699 4.76504
4.7 4.76604
4.701 4.76704
4.702 4.76804
4.703 4.76905
4.704 4.77005
4.705 4.77105
4.706 4.77205
4.707 4.77305
4.708 4.77405
4.709 4.77505
4.71 4.77605
4.711 4.77705
4.712 4.77805
4.713 4.77905
4.714 4.78005
4.715 4.78105
4.716 4.78205
4.717 4.78306
4.718 4.78406
4.719 4.78506
4.72 4.78606
4.721 4.78706
4.722 4.78806
4.723 4.78906
4.724 4.79006
4.725 4.79106
4.726 4.79206
4.727 4.79306
4.728 4.79406
4.729 4.79507
4.73 4.79607
4.731 4.79707
4.732 4.79807
4.733 4.79907
4.734 4.80007
4.735 4.80107
4.736 4.80207
4.737 4.80307
4.738 4.80407
4.739 4.80507
4.74 4.80607
4.741 4.80708
4.742 4.80808
4.743 4.80908
4.744 4.81008
4.745 4.81108
4.746 4.81208
4.747 4.81308
4.748 4.81408
4.749 4.81508
4.75 4.81608
4.751 4.81708
4.752 4.81809
4.753 4.81909
4.754 4.82009
4.755 4.82109
4.756 4.82209
4.757 4.82309
4.758 4.82409
4.759 4.82509
4.76 4.82609
4.761 4.82709
4.762 4.8281
4.763 4.8291
4.764 4.8301
4.765 4.8311
4.766 4.8321
4.767 4.8331
4.768 4.8341
4.769 4.8351
4.77 4.8361
4.771 4.83711
4.772 4.83811
4.773 4.83911
4.774 4.84011
4.775 4.84111
4.776 4.84211
4.777 4.84311
4.778 4.84411
4.779 4.84511
4.78 4.84611
4.781 4.84712
4.782 4.84812
4.783 4.84912
4.784 4.85012
4.785 4.85112
4.786 4.85212
4.787 4.85312
4.788 4.85412
4.789 4.85513
4.79 4.85613
4.791 4.85713
4.792 4.85813
4.793 4.85913
4.794 4.86013
4.795 4.86113
4.796 4.86213
4.797 4.86313
4.798 4.86414
4.799 4.86514
4.8 4.86614
4.801 4.86714
4.802 4.86814
4.803 4.86914
4.804 4.87014
4.805 4.87114
4.806 4.87215
4.807 4.87315
4.808 4.87415
4.809 4.87515
4.81 4.87615
4.811 4.87715
4.812 4.87815
4.813 4.87916
4.814 4.88016
4.815 4.88116
4.816 4.88216
4.817 4.88316
4.818 4.88416
4.819 4.88516
4.82 4.88616
4.821 4.88717
4.822 4.88817
4.823 4.88917
4.824 4.89017
4.825 4.89117
4.826 4.89217
4.827 4.89317
4.828 4.89418
4.829 4.89518
4.83 4.89618
4.831 4.89718
4.832 4.89818
4.833 4.89918
4.834 4.90018
4.835 4.90119
4.836 4.90219
4.837 4.90319
4.838 4.90419
4.839 4.90519
4.84 4.90619
4.841 4.9072
4.842 4.9082
4.843 4.9092
4.844 4.9102
4.845 4.9112
4.846 4.9122
4.847 4.9132
4.848 4.91421
4.849 4.91521
4.85 4.91621
4.851 4.91721
4.852 4.91821
4.853 4.91921
4.854 4.92022
4.855 4.92122
4.856 4.92222
4.857 4.92322
4.858 4.92422
4.859 4.92522
4.86 4.92623
4.861 4.92723
4.862 4.92823
4.863 4.92923
4.864 4.93023
4.865 4.93123
4.866 4.93223
4.867 4.93324
4.868 4.93424
4.869 4.93524
4.87 4.93624
4.871 4.93724
4.872 4.93825
4.873 4.93925
4.874 4.94025
4.875 4.94125
4.876 4.94225
4.877 4.94325
4.878 4.94426
4.879 4.94526
4.88 4.94626
4.881 4.94726
4.882 4.94826
4.883 4.94926
4.884 4.95027
4.885 4.95127
4.886 4.95227
4.887 4.95327
4.888 4.95427
4.889 4.95528
4.89 4.95628
4.891 4.95728
4.892 4.95828
4.893 4.95928
4.894 4.96028
4.895 4.96129
4.896 4.96229
4.897 4.96329
4.898 4.96429
4.899 4.96529
4.9 4.9663
4.901 4.9673
4.902 4.9683
4.903 4.9693
4.904 4.9703
4.905 4.97131
4.906 4.97231
4.907 4.97331
4.908 4.97431
4.909 4.97531
4.91 4.97632
4.911 4.97732
4.912 4.97832
4.913 4.97932
4.914 4.98032
4.915 4.98133
4.916 4.98233
4.917 4.98333
4.918 4.98433
4.919 4.98533
4.92 4.98634
4.921 4.98734
4.922 4.98834
4.923 4.98934
4.924 4.99034
4.925 4.99135
4.926 4.99235
4.927 4.99335
4.928 4.99435
4.929 4.99535
4.93 4.99636
4.931 4.99736
4.932 4.99836
4.933 4.99936
4.934 5.00037
4.935 5.00137
4.936 5.00237
4.937 5.00337
4.938 5.00437
4.939 5.00538
4.94 5.00638
4.941 5.00738
4.942 5.00838
4.943 5.00938
4.944 5.01039
4.945 5.01139
4.946 5.01239
4.947 5.01339
4.948 5.0144
4.949 5.0154
4.95 5.0164
4.951 5.0174
4.952 5.0184
4.953 5.01941
4.954 5.02041
4.955 5.02141
4.956 5.02241
4.957 5.02342
4.958 5.02442
4.959 5.02542
4.96 5.02642
4.961 5.02743
4.962 5.02843
4.963 5.02943
4.964 5.03043
4.965 5.03143
4.966 5.03244
4.967 5.03344
4.968 5.03444
4.969 5.03544
4.97 5.03645
4.971 5.03745
4.972 5.03845
4.973 5.03945
4.974 5.04046
4.975 5.04146
4.976 5.04246
4.977 5.04346
4.978 5.04447
4.979 5.04547
4.98 5.04647
4.981 5.04747
4.982 5.04848
4.983 5.04948
4.984 5.05048
4.985 5.05148
4.986 5.05249
4.987 5.05349
4.988 5.05449
4.989 5.05549
4.99 5.05649
4.991 5.0575
4.992 5.0585
4.993 5.0595
4.994 5.0605
4.995 5.06151
4.996 5.06251
4.997 5.06351
4.998 5.06452
4.999 5.06552
5 5.06652
5.001 5.06752
5.002 5.06853
5.003 5.06953
5.004 5.07053
5.005 5.07153
5.006 5.07254
5.007 5.07354
5.008 5.07454
5.009 5.07554
5.01 5.07655
5.011 5.07755
5.012 5.07855
5.013 5.07955
5.014 5.08056
5.015 5.08156
5.016 5.08256
5.017 5.08356
5.018 5.08457
5.019 5.08557
5.02 5.08657
5.021 5.08757
5.022 5.08858
5.023 5.08958
5.024 5.09058
5.025 5.09159
5.026 5.09259
5.027 5.09359
5.028 5.09459
5.029 5.0956
5.03 5.0966
5.031 5.0976
5.032 5.0986
5.033 5.09961
5.034 5.10061
5.035 5.10161
5.036 5.10262
5.037 5.10362
5.038 5.10462
5.039 5.10562
5.04 5.10663
5.041 5.10763
5.042 5.10863
5.043 5.10963
5.044 5.11064
5.045 5.11164
5.046 5.11264
5.047 5.11365
5.048 5.11465
5.049 5.11565
5.05 5.11665
5.051 5.11766
5.052 5.11866
5.053 5.11966
5.054 5.12067
5.055 5.12167
5.056 5.12267
5.057 5.12367
5.058 5.12468
5.059 5.12568
5.06 5.12668
5.061 5.12769
5.062 5.12869
5.063 5.12969
5.064 5.13069
5.065 5.1317
5.066 5.1327
5.067 5.1337
5.068 5.13471
5.069 5.13571
5.07 5.13671
5.071 5.13771
5.072 5.13872
5.073 5.13972
5.074 5.14072
5.075 5.14173
5.076 5.14273
5.077 5.14373
5.078 5.14473
5.079 5.14574
5.08 5.14674
5.081 5.14774
5.082 5.14875
5.083 5.14975
5.084 5.15075
5.085 5.15175
5.086 5.15276
5.087 5.15376
5.088 5.15476
5.089 5.15577
5.09 5.15677
5.091 5.15777
5.092 5.15877
5.093 5.15978
5.094 5.16078
5.095 5.16178
5.096 5.16279
5.097 5.16379
5.098 5.16479
5.099 5.1658
5.1 5.1668
5.101 5.1678
5.102 5.1688
5.103 5.16981
5.104 5.17081
5.105 5.17181
5.106 5.17282
5.107 5.17382
5.108 5.17482
5.109 5.17582
5.11 5.17683
5.111 5.17783
5.112 5.17883
5.113 5.17984
5.114 5.18084
5.115 5.18184
5.116 5.18285
5.117 5.18385
5.118 5.18485
5.119 5.18585
5.12 5.18686
5.121 5.18786
5.122 5.18886
5.123 5.18987
5.124 5.19087
5.125 5.19187
5.126 5.19288
5.127 5.19388
5.128 5.19488
5.129 5.19588
5.13 5.19689
5.131 5.19789
5.132 5.19889
5.133 5.1999
5.134 5.2009
5.135 5.2019
5.136 5.20291
5.137 5.20391
5.138 5.20491
5.139 5.20591
5.14 5.20692
5.141 5.20792
5.142 5.20892
5.143 5.20993
5.144 5.21093
5.145 5.21193
5.146 5.21294
5.147 5.21394
5.148 5.21494
5.149 5.21594
5.15 5.21695
5.151 5.21795
5.152 5.21895
5.153 5.21996
5.154 5.22096
5.155 5.22196
5.156 5.22297
5.157 5.22397
5.158 5.22497
5.159 5.22597
5.16 5.22698
5.161 5.22798
5.162 5.22898
5.163 5.22999
5.164 5.23099
5.165 5.23199
5.166 5.23299
5.167 5.234
5.168 5.235
5.169 5.236
5.17 5.23701
5.171 5.23801
5.172 5.23901
5.173 5.24002
5.174 5.24102
5.175 5.24202
5.176 5.24302
5.177 5.24403
5.178 5.24503
5.179 5.24603
5.18 5.24704
5.181 5.24804
5.182 5.24904
5.183 5.25004
5.184 5.25105
5.185 5.25205
5.186 5.25305
5.187 5.25406
5.188 5.25506
5.189 5.25606
5.19 5.25707
5.191 5.25807
5.192 5.25907
5.193 5.26007
5.194 5.26108
5.195 5.26208
5.196 5.26308
5.197 5.26409
5.198 5.26509
5.199 5.26609
5.2 5.26709
5.201 5.2681
5.202 5.2691
5.203 5.2701
5.204 5.27111
5.205 5.27211
5.206 5.27311
5.207 5.27411
5.208 5.27512
5.209 5.27612
5.21 5.27712
5.211 5.27812
5.212 5.27913
5.213 5.28013
5.214 5.28113
5.215 5.28214
5.216 5.28314
5.217 5.28414
5.218 5.28514
5.219 5.28615
5.22 5.28715
5.221 5.28815
5.222 5.28916
5.223 5.29016
5.224 5.29116
5.225 5.29216
5.226 5.29317
5.227 5.29417
5.228 5.29517
5.229 5.29617
5.23 5.29718
5.231 5.29818
5.232 5.29918
5.233 5.30018
5.234 5.30119
5.235 5.30219
5.236 5.30319
5.237 5.3042
5.238 5.3052
5.239 5.3062
5.24 5.3072
5.241 5.30821
5.242 5.30921
5.243 5.31021
5.244 5.31121
5.245 5.31222
5.246 5.31322
5.247 5.31422
5.248 5.31522
5.249 5.31623
5.25 5.31723
5.251 5.31823
5.252 5.31923
5.253 5.32024
5.254 5.32124
5.255 5.32224
5.256 5.32324
5.257 5.32425
5.258 5.32525
5.259 5.32625
5.26 5.32725
5.261 5.32826
5.262 5.32926
5.263 5.33026
5.264 5.33126
5.265 5.33227
5.266 5.33327
5.267 5.33427
5.268 5.33527
5.269 5.33627
5.27 5.33728
5.271 5.33828
5.272 5.33928
5.273 5.34028
5.274 5.34129
5.275 5.34229
5.276 5.34329
5.277 5.34429
5.278 5.34529
5.279 5.3463
5.28 5.3473
5.281 5.3483
5.282 5.3493
5.283 5.35031
5.284 5.35131
5.285 5.35231
5.286 5.35331
5.287 5.35431
5.288 5.35532
5.289 5.35632
5.29 5.35732
5.291 5.35832
5.292 5.35932
5.293 5.36033
5.294 5.36133
5.295 5.36233
5.296 5.36333
5.297 5.36433
5.298 5.36534
5.299 5.36634
5.3 5.36734
5.301 5.36834
5.302 5.36934
5.303 5.37035
5.304 5.37135
5.305 5.37235
5.306 5.37335
5.307 5.37435
5.308 5.37536
5.309 5.37636
5.31 5.37736
5.311 5.37836
5.312 5.37936
5.313 5.38036
5.314 5.38137
5.315 5.38237
5.316 5.38337
5.317 5.38437
5.318 5.38537
5.319 5.38637
5.32 5.38738
5.321 5.38838
5.322 5.38938
5.323 5.39038
5.324 5.39138
5.325 5.39238
5.326 5.39338
5.327 5.39439
5.328 5.39539
5.329 5.39639
5.33 5.39739
5.331 5.39839
5.332 5.39939
5.333 5.40039
5.334 5.4014
5.335 5.4024
5.336 5.4034
5.337 5.4044
5.338 5.4054
5.339 5.4064
5.34 5.4074
5.341 5.4084
5.342 5.40941
5.343 5.41041
5.344 5.41141
5.345 5.41241
5.346 5.41341
5.347 5.41441
5.348 5.41541
5.349 5.41641
5.35 5.41741
5.351 5.41842
5.352 5.41942
5.353 5.42042
5.354 5.42142
5.355 5.42242
5.356 5.42342
5.357 5.42442
5.358 5.42542
5.359 5.42642
5.36 5.42742
5.361 5.42842
5.362 5.42942
5.363 5.43043
5.364 5.43143
5.365 5.43243
5.366 5.43343
5.367 5.43443
5.368 5.43543
5.369 5.43643
5.37 5.43743
5.371 5.43843
5.372 5.43943
5.373 5.44043
5.374 5.44143
5.375 5.44243
5.376 5.44343
5.377 5.44443
5.378 5.44543
5.379 5.44643
5.38 5.44743
5.381 5.44843
5.382 5.44943
5.383 5.45043
5.384 5.45143
5.385 5.45243
5.386 5.45343
5.387 5.45443
5.388 5.45543
5.389 5.45643
5.39 5.45743
5.391 5.45843
5.392 5.45943
5.393 5.46043
5.394 5.46143
5.395 5.46243
5.396 5.46343
5.397 5.46443
5.398 5.46543
5.399 5.46643
5.4 5.46743
5.401 5.46843
5.402 5.46943
5.403 5.47043
5.404 5.47143
5.405 5.47243
5.406 5.47343
5.407 5.47443
5.408 5.47543
5.409 5.47643
5.41 5.47743
5.411 5.47843
5.412 5.47943
5.413 5.48043
5.414 5.48143
5.415 5.48243
5.416 5.48342
5.417 5.48442
5.418 5.48542
5.419 5.48642
5.42 5.48742
5.421 5.48842
5.422 5.48942
5.423 5.49042
5.424 5.49142
5.425 5.49242
5.426 5.49341
5.427 5.49441
5.428 5.49541
5.429 5.49641
5.43 5.49741
5.431 5.49841
5.432 5.49941
5.433 5.50041
5.434 5.5014
5.435 5.5024
5.436 5.5034
5.437 5.5044
5.438 5.5054
5.439 5.5064
5.44 5.5074
5.441 5.50839
5.442 5.50939
5.443 5.51039
5.444 5.51139
5.445 5.51239
5.446 5.51338
5.447 5.51438
5.448 5.51538
5.449 5.51638
5.45 5.51738
5.451 5.51837
5.452 5.51937
5.453 5.52037
5.454 5.52137
5.455 5.52237
5.456 5.52336
5.457 5.52436
5.458 5.52536
5.459 5.52636
5.46 5.52735
5.461 5.52835
5.462 5.52935
5.463 5.53035
5.464 5.53134
5.465 5.53234
5.466 5.53334
5.467 5.53434
5.468 5.53533
5.469 5.53633
5.47 5.53733
5.471 5.53832
5.472 5.53932
5.473 5.54032
5.474 5.54132
5.475 5.54231
5.476 5.54331
5.477 5.54431
5.478 5.5453
5.479 5.5463
5.48 5.5473
5.481 5.54829
5.482 5.54929
5.483 5.55029
5.484 5.55128
5.485 5.55228
5.486 5.55328
5.487 5.55427
5.488 5.55527
5.489 5.55627
5.49 5.55726
5.491 5.55826
5.492 5.55925
5.493 5.56025
5.494 5.56125
5.495 5.56224
5.496 5.56324
5.497 5.56423
5.498 5.56523
5.499 5.56623
5.5 5.56722
5.501 5.56822
5.502 5.56921
5.503 5.57021
5.504 5.5712
5.505 5.5722
5.506 5.57319
5.507 5.57419
5.508 5.57519
5.509 5.57618
5.51 5.57718
5.511 5.57817
5.512 5.57917
5.513 5.58016
5.514 5.58116
5.515 5.58215
5.516 5.58315
5.517 5.58414
5.518 5.58514
5.519 5.58613
5.52 5.58712
5.521 5.58812
5.522 5.58911
5.523 5.59011
5.524 5.5911
5.525 5.5921
5.526 5.59309
5.527 5.59409
5.528 5.59508
5.529 5.59607
5.53 5.59707
5.531 5.59806
5.532 5.59906
5.533 5.60005
5.534 5.60104
5.535 5.60204
5.536 5.60303
5.537 5.60403
5.538 5.60502
5.539 5.60601
5.54 5.60701
5.541 5.608
5.542 5.60899
5.543 5.60999
5.544 5.61098
5.545 5.61197
5.546 5.61297
5.547 5.61396
5.548 5.61495
5.549 5.61595
5.55 5.61694
5.551 5.61793
5.552 5.61892
5.553 5.61992
5.554 5.62091
5.555 5.6219
5.556 5.62289
5.557 5.62389
5.558 5.62488
5.559 5.62587
5.56 5.62686
5.561 5.62786
5.562 5.62885
5.563 5.62984
5.564 5.63083
5.565 5.63182
5.566 5.63282
5.567 5.63381
5.568 5.6348
5.569 5.63579
5.57 5.63678
5.571 5.63777
5.572 5.63877
5.573 5.63976
5.574 5.64075
5.575 5.64174
5.576 5.64273
5.577 5.64372
5.578 5.64471
5.579 5.6457
5.58 5.64669
5.581 5.64769
5.582 5.64868
5.583 5.64967
5.584 5.65066
5.585 5.65165
5.586 5.65264
5.587 5.65363
5.588 5.65462
5.589 5.65561
5.59 5.6566
5.591 5.65759
5.592 5.65858
5.593 5.65957
5.594 5.66056
5.595 5.66155
5.596 5.66254
5.597 5.66353
5.598 5.66452
5.599 5.66551
5.6 5.6665
5.601 5.66749
5.602 5.66848
5.603 5.66946
5.604 5.67045
5.605 5.67144
5.606 5.67243
5.607 5.67342
5.608 5.67441
5.609 5.6754
5.61 5.67639
5.611 5.67738
5.612 5.67836
5.613 5.67935
5.614 5.68034
5.615 5.68133
5.616 5.68232
5.617 5.6833
5.618 5.68429
5.619 5.68528
5.62 5.68627
5.621 5.68726
5.622 5.68824
5.623 5.68923
5.624 5.69022
5.625 5.69121
5.626 5.69219
5.627 5.69318
5.628 5.69417
5.629 5.69515
5.63 5.69614
5.631 5.69713
5.632 5.69811
5.633 5.6991
5.634 5.70009
5.635 5.70107
5.636 5.70206
5.637 5.70305
5.638 5.70403
5.639 5.70502
5.64 5.70601
5.641 5.70699
5.642 5.70798
5.643 5.70896
5.644 5.70995
5.645 5.71093
5.646 5.71192
5.647 5.71291
5.648 5.71389
5.649 5.71488
5.65 5.71586
5.651 5.71685
5.652 5.71783
5.653 5.71882
5.654 5.7198
5.655 5.72078
5.656 5.72177
5.657 5.72275
5.658 5.72374
5.659 5.72472
5.66 5.72571
5.661 5.72669
5.662 5.72767
5.663 5.72866
5.664 5.72964
5.665 5.73063
5.666 5.73161
5.667 5.73259
5.668 5.73358
5.669 5.73456
5.67 5.73554
5.671 5.73653
5.672 5.73751
5.673 5.73849
5.674 5.73947
5.675 5.74046
5.676 5.74144
5.677 5.74242
5.678 5.7434
5.679 5.74439
5.68 5.74537
5.681 5.74635
5.682 5.74733
5.683 5.74831
5.684 5.7493
5.685 5.75028
5.686 5.75126
5.687 5.75224
5.688 5.75322
5.689 5.7542
5.69 5.75518
5.691 5.75616
5.692 5.75715
5.693 5.75813
5.694 5.75911
5.695 5.76009
5.696 5.76107
5.697 5.76205
5.698 5.76303
5.699 5.76401
5.7 5.76499
5.701 5.76597
5.702 5.76695
5.703 5.76793
5.704 5.76891
5.705 5.76989
5.706 5.77087
5.707 5.77184
5.708 5.77282
5.709 5.7738
5.71 5.77478
5.711 5.77576
5.712 5.77674
5.713 5.77772
5.714 5.7787
5.715 5.77967
5.716 5.78065
5.717 5.78163
5.718 5.78261
5.719 5.78358
5.72 5.78456
5.721 5.78554
5.722 5.78652
5.723 5.78749
5.724 5.78847
5.725 5.78945
5.726 5.79043
5.727 5.7914
5.728 5.79238
5.729 5.79336
5.73 5.79433
5.731 5.79531
5.732 5.79628
5.733 5.79726
5.734 5.79824
5.735 5.79921
5.736 5.80019
5.737 5.80116
5.738 5.80214
5.739 5.80311
5.74 5.80409
5.741 5.80506
5.742 5.80604
5.743 5.80701
5.744 5.80799
5.745 5.80896
5.746 5.80994
5.747 5.81091
5.748 5.81188
5.749 5.81286
5.75 5.81383
5.751 5.81481
5.752 5.81578
5.753 5.81675
5.754 5.81773
5.755 5.8187
5.756 5.81967
5.757 5.82065
5.758 5.82162
5.759 5.82259
5.76 5.82356
5.761 5.82454
5.762 5.82551
5.763 5.82648
5.764 5.82745
5.765 5.82842
5.766 5.82939
5.767 5.83037
5.768 5.83134
5.769 5.83231
5.77 5.83328
5.771 5.83425
5.772 5.83522
5.773 5.83619
5.774 5.83716
5.775 5.83813
5.776 5.8391
5.777 5.84007
5.778 5.84104
5.779 5.84201
5.78 5.84298
5.781 5.84395
5.782 5.84492
5.783 5.84589
5.784 5.84686
5.785 5.84783
5.786 5.8488
5.787 5.84977
5.788 5.85073
5.789 5.8517
5.79 5.85267
5.791 5.85364
5.792 5.85461
5.793 5.85557
5.794 5.85654
5.795 5.85751
5.796 5.85848
5.797 5.85944
5.798 5.86041
5.799 5.86138
5.8 5.86234
5.801 5.86331
5.802 5.86428
5.803 5.86524
5.804 5.86621
5.805 5.86717
5.806 5.86814
5.807 5.8691
5.808 5.87007
5.809 5.87103
5.81 5.872
5.811 5.87296
5.812 5.87393
5.813 5.87489
5.814 5.87586
5.815 5.87682
5.816 5.87779
5.817 5.87875
5.818 5.87971
5.819 5.88068
5.82 5.88164
5.821 5.8826
5.822 5.88357
5.823 5.88453
5.824 5.88549
5.825 5.88645
5.826 5.88742
5.827 5.88838
5.828 5.88934
5.829 5.8903
5.83 5.89126
5.831 5.89223
5.832 5.89319
5.833 5.89415
5.834 5.89511
5.835 5.89607
5.836 5.89703
5.837 5.89799
5.838 5.89895
5.839 5.89991
5.84 5.90087
5.841 5.90183
5.842 5.90279
5.843 5.90375
5.844 5.90471
5.845 5.90567
5.846 5.90663
5.847 5.90759
5.848 5.90854
5.849 5.9095
5.85 5.91046
5.851 5.91142
5.852 5.91238
5.853 5.91333
5.854 5.91429
5.855 5.91525
5.856 5.9162
5.857 5.91716
5.858 5.91812
5.859 5.91907
5.86 5.92003
5.861 5.92099
5.862 5.92194
5.863 5.9229
5.864 5.92385
5.865 5.92481
5.866 5.92576
5.867 5.92672
5.868 5.92767
5.869 5.92863
5.87 5.92958
5.871 5.93054
5.872 5.93149
5.873 5.93244
5.874 5.9334
5.875 5.93435
5.876 5.9353
5.877 5.93626
5.878 5.93721
5.879 5.93816
5.88 5.93912
5.881 5.94007
5.882 5.94102
5.883 5.94197
5.884 5.94292
5.885 5.94387
5.886 5.94483
5.887 5.94578
5.888 5.94673
5.889 5.94768
5.89 5.94863
5.891 5.94958
5.892 5.95053
5.893 5.95148
5.894 5.95243
5.895 5.95338
5.896 5.95433
5.897 5.95528
5.898 5.95622
5.899 5.95717
5.9 5.95812
5.901 5.95907
5.902 5.96002
5.903 5.96096
5.904 5.96191
5.905 5.96286
5.906 5.96381
5.907 5.96475
5.908 5.9657
5.909 5.96665
5.91 5.96759
5.911 5.96854
5.912 5.96948
5.913 5.97043
5.914 5.97137
5.915 5.97232
5.916 5.97326
5.917 5.97421
5.918 5.97515
5.919 5.9761
5.92 5.97704
5.921 5.97798
5.922 5.97893
5.923 5.97987
5.924 5.98081
5.925 5.98176
5.926 5.9827
5.927 5.98364
5.928 5.98458
5.929 5.98553
5.93 5.98647
5.931 5.98741
5.932 5.98835
5.933 5.98929
5.934 5.99023
5.935 5.99117
5.936 5.99211
5.937 5.99305
5.938 5.99399
5.939 5.99493
5.94 5.99587
5.941 5.99681
5.942 5.99775
5.943 5.99869
5.944 5.99963
5.945 6.00057
5.946 6.0015
5.947 6.00244
5.948 6.00338
5.949 6.00432
5.95 6.00525
5.951 6.00619
5.952 6.00713
5.953 6.00806
5.954 6.009
5.955 6.00993
5.956 6.01087
5.957 6.0118
5.958 6.01274
5.959 6.01367
5.96 6.01461
5.961 6.01554
5.962 6.01648
5.963 6.01741
5.964 6.01834
5.965 6.01928
5.966 6.02021
5.967 6.02114
5.968 6.02208
5.969 6.02301
5.97 6.02394
5.971 6.02487
5.972 6.0258
5.973 6.02673
5.974 6.02766
5.975 6.0286
5.976 6.02953
5.977 6.03046
5.978 6.03139
5.979 6.03232
5.98 6.03325
5.981 6.03417
5.982 6.0351
5.983 6.03603
5.984 6.03696
5.985 6.03789
5.986 6.03882
5.987 6.03974
5.988 6.04067
5.989 6.0416
5.99 6.04252
5.991 6.04345
5.992 6.04438
5.993 6.0453
5.994 6.04623
5.995 6.04715
5.996 6.04808
5.997 6.049
5.998 6.04993
5.999 6.05085
6 6.05178
6.001 6.0527
6.002 6.05362
6.003 6.05455
6.004 6.05547
6.005 6.05639
6.006 6.05731
6.007 6.05824
6.008 6.05916
6.009 6.06008
6.01 6.061
6.011 6.06192
6.012 6.06284
6.013 6.06376
6.014 6.06468
6.015 6.0656
6.016 6.06652
6.017 6.06744
6.018 6.06836
6.019 6.06928
6.02 6.0702
6.021 6.07112
6.022 6.07203
6.023 6.07295
6.024 6.07387
6.025 6.07478
6.026 6.0757
6.027 6.07662
6.028 6.07753
6.029 6.07845
6.03 6.07936
6.031 6.08028
6.032 6.08119
6.033 6.08211
6.034 6.08302
6.035 6.08394
6.036 6.08485
6.037 6.08576
6.038 6.08668
6.039 6.08759
6.04 6.0885
6.041 6.08941
6.042 6.09032
6.043 6.09124
6.044 6.09215
6.045 6.09306
6.046 6.09397
6.047 6.09488
6.048 6.09579
6.049 6.0967
6.05 6.09761
6.051 6.09852
6.052 6.09942
6.053 6.10033
6.054 6.10124
6.055 6.10215
6.056 6.10306
6.057 6.10396
6.058 6.10487
6.059 6.10578
6.06 6.10668
6.061 6.10759
6.062 6.10849
6.063 6.1094
6.064 6.1103
6.065 6.11121
6.066 6.11211
6.067 6.11301
6.068 6.11392
6.069 6.11482
6.07 6.11572
6.071 6.11663
6.072 6.11753
6.073 6.11843
6.074 6.11933
6.075 6.12023
6.076 6.12113
6.077 6.12203
6.078 6.12293
6.079 6.12383
6.08 6.12473
6.081 6.12563
6.082 6.12653
6.083 6.12743
6.084 6.12833
6.085 6.12922
6.086 6.13012
6.087 6.13102
6.088 6.13192
6.089 6.13281
6.09 6.13371
6.091 6.1346
6.092 6.1355
6.093 6.13639
6.094 6.13729
6.095 6.13818
6.096 6.13908
6.097 6.13997
6.098 6.14086
6.099 6.14176
6.1 6.14265
6.101 6.14354
6.102 6.14443
6.103 6.14532
6.104 6.14621
6.105 6.1471
6.106 6.148
6.107 6.14889
6.108 6.14977
6.109 6.15066
6.11 6.15155
6.111 6.15244
6.112 6.15333
6.113 6.15422
6.114 6.1551
6.115 6.15599
6.116 6.15688
6.117 6.15776
6.118 6.15865
6.119 6.15954
6.12 6.16042
6.121 6.16131
6.122 6.16219
6.123 6.16307
6.124 6.16396
6.125 6.16484
6.126 6.16572
6.127 6.16661
6.128 6.16749
6.129 6.16837
6.13 6.16925
6.131 6.17013
6.132 6.17101
6.133 6.17189
6.134 6.17277
6.135 6.17365
6.136 6.17453
6.137 6.17541
6.138 6.17629
6.139 6.17717
6.14 6.17804
6.141 6.17892
6.142 6.1798
6.143 6.18067
6.144 6.18155
6.145 6.18242
6.146 6.1833
6.147 6.18417
6.148 6.18505
6.149 6.18592
6.15 6.1868
6.151 6.18767
6.152 6.18854
6.153 6.18941
6.154 6.19029
6.155 6.19116
6.156 6.19203
6.157 6.1929
6.158 6.19377
6.159 6.19464
6.16 6.19551
6.161 6.19638
6.162 6.19725
6.163 6.19811
6.164 6.19898
6.165 6.19985
6.166 6.20072
6.167 6.20158
6.168 6.20245
6.169 6.20332
6.17 6.20418
6.171 6.20505
6.172 6.20591
6.173 6.20677
6.174 6.20764
6.175 6.2085
6.176 6.20936
6.177 6.21023
6.178 6.21109
6.179 6.21195
6.18 6.21281
6.181 6.21367
6.182 6.21453
6.183 6.21539
6.184 6.21625
6.185 6.21711
6.186 6.21797
6.187 6.21883
6.188 6.21968
6.189 6.22054
6.19 6.2214
6.191 6.22225
6.192 6.22311
6.193 6.22396
6.194 6.22482
6.195 6.22567
6.196 6.22653
6.197 6.22738
6.198 6.22823
6.199 6.22909
6.2 6.22994
6.201 6.23079
6.202 6.23164
6.203 6.23249
6.204 6.23334
6.205 6.23419
6.206 6.23504
6.207 6.23589
6.208 6.23674
6.209 6.23759
6.21 6.23844
6.211 6.23928
6.212 6.24013
6.213 6.24098
6.214 6.24182
6.215 6.24267
6.216 6.24351
6.217 6.24436
6.218 6.2452
6.219 6.24604
6.22 6.24689
6.221 6.24773
6.222 6.24857
6.223 6.24941
6.224 6.25025
6.225 6.25109
6.226 6.25193
6.227 6.25277
6.228 6.25361
6.229 6.25445
6.23 6.25529
6.231 6.25613
6.232 6.25696
6.233 6.2578
6.234 6.25864
6.235 6.25947
6.236 6.26031
