0 0.129015
0.001 0.12992
0.002 0.130826
0.003 0.131732
0.004 0.132639
0.005 0.133546
0.006 0.134453
0.007 0.13536
0.008 0.136268
0.009 0.137176
0.01 0.138085
0.011 0.138995
0.012 0.139905
0.013 0.140816
0.014 0.141727
0.015 0.142639
0.016 0.143552
0.017 0.144466
0.018 0.145381
0.019 0.146297
0.02 0.147214
0.021 0.148132
0.022 0.149051
0.023 0.149971
0.024 0.150892
0.025 0.151815
0.026 0.152739
0.027 0.153664
0.028 0.154591
0.029 0.155519
0.03 0.156448
0.031 0.157379
0.032 0.158312
0.033 0.159246
0.034 0.160182
0.035 0.161119
0.036 0.162059
0.037 0.163
0.038 0.163943
0.039 0.164888
0.04 0.165835
0.041 0.166784
0.042 0.167734
0.043 0.168687
0.044 0.169643
0.045 0.1706
0.046 0.17156
0.047 0.172521
0.048 0.173486
0.049 0.174452
0.05 0.175421
0.051 0.176392
0.052 0.177366
0.053 0.178343
0.054 0.179322
0.055 0.180304
0.056 0.181288
0.057 0.182276
0.058 0.183266
0.059 0.184259
0.06 0.185254
0.061 0.186253
0.062 0.187255
0.063 0.18826
0.064 0.189267
0.065 0.190278
0.066 0.191293
0.067 0.19231
0.068 0.193331
0.069 0.194355
0.07 0.195382
0.071 0.196413
0.072 0.197447
0.073 0.198485
0.074 0.199526
0.075 0.200571
0.076 0.201619
0.077 0.202672
0.078 0.203728
0.079 0.204787
0.08 0.205851
0.081 0.206918
0.082 0.20799
0.083 0.209065
0.084 0.210145
0.085 0.211228
0.086 0.212316
0.087 0.213408
0.088 0.214504
0.089 0.215604
0.09 0.216709
0.091 0.217817
0.092 0.218931
0.093 0.220049
0.094 0.221171
0.095 0.222298
0.096 0.223429
0.097 0.224565
0.098 0.225706
0.099 0.226852
0.1 0.228002
0.101 0.229157
0.102 0.230317
0.103 0.231482
0.104 0.232652
0.105 0.233827
0.106 0.235007
0.107 0.236192
0.108 0.237382
0.109 0.238578
0.11 0.239779
0.111 0.240985
0.112 0.242196
0.113 0.243413
0.114 0.244635
0.115 0.245863
0.116 0.247096
0.117 0.248335
0.118 0.249579
0.119 0.25083
0.12 0.252085
0.121 0.253347
0.122 0.254615
0.123 0.255888
0.124 0.257167
0.125 0.258453
0.126 0.259744
0.127 0.261041
0.128 0.262345
0.129 0.263654
0.13 0.26497
0.131 0.266292
0.132 0.26762
0.133 0.268955
0.134 0.270296
0.135 0.271644
0.136 0.272997
0.137 0.274358
0.138 0.275725
0.139 0.277099
0.14 0.278479
0.141 0.279866
0.142 0.28126
0.143 0.282661
0.144 0.284068
0.145 0.285483
0.146 0.286904
0.147 0.288333
0.148 0.289768
0.149 0.291211
0.15 0.29266
0.151 0.294117
0.152 0.295581
0.153 0.297053
0.154 0.298532
0.155 0.300018
0.156 0.301511
0.157 0.303012
0.158 0.304521
0.159 0.306037
0.16 0.307561
0.161 0.309092
0.162 0.310631
0.163 0.312178
0.164 0.313733
0.165 0.315296
0.166 0.316866
0.167 0.318444
0.168 0.320031
0.169 0.321625
0.17 0.323228
0.171 0.324838
0.172 0.326457
0.173 0.328084
0.174 0.32972
0.175 0.331363
0.176 0.333015
0.177 0.334676
0.178 0.336345
0.179 0.338022
0.18 0.339708
0.181 0.341403
0.182 0.343106
0.183 0.344818
0.184 0.346539
0.185 0.348268
0.186 0.350007
0.187 0.351754
0.188 0.35351
0.189 0.355276
0.19 0.35705
0.191 0.358833
0.192 0.360625
0.193 0.362427
0.194 0.364238
0.195 0.366058
0.196 0.367887
0.197 0.369726
0.198 0.371574
0.199 0.373432
0.2 0.375299
0.201 0.377176
0.202 0.379062
0.203 0.380958
0.204 0.382864
0.205 0.384779
0.206 0.386705
0.207 0.38864
0.208 0.390585
0.209 0.392539
0.21 0.394504
0.211 0.396479
0.212 0.398464
0.213 0.400459
0.214 0.402464
0.215 0.40448
0.216 0.406505
0.217 0.408541
0.218 0.410588
0.219 0.412644
0.22 0.414712
0.221 0.416789
0.222 0.418878
0.223 0.420977
0.224 0.423086
0.225 0.425206
0.226 0.427337
0.227 0.429479
0.228 0.431631
0.229 0.433795
0.23 0.435969
0.231 0.438154
0.232 0.440351
0.233 0.442558
0.234 0.444776
0.235 0.447006
0.236 0.449247
0.237 0.451499
0.238 0.453762
0.239 0.456037
0.24 0.458323
0.241 0.460621
0.242 0.46293
0.243 0.465251
0.244 0.467583
0.245 0.469927
0.246 0.472282
0.247 0.474649
0.248 0.477028
0.249 0.479419
0.25 0.481822
0.251 0.484236
0.252 0.486663
0.253 0.489102
0.254 0.491552
0.255 0.494015
0.256 0.49649
0.257 0.498977
0.258 0.501476
0.259 0.503988
0.26 0.506512
0.261 0.509048
0.262 0.511597
0.263 0.514158
0.264 0.516732
0.265 0.519318
0.266 0.521917
0.267 0.524529
0.268 0.527153
0.269 0.52979
0.27 0.53244
0.271 0.535103
0.272 0.537779
0.273 0.540468
0.274 0.543169
0.275 0.545884
0.276 0.548612
0.277 0.551353
0.278 0.554107
0.279 0.556874
0.28 0.559655
0.281 0.562449
0.282 0.565256
0.283 0.568077
0.284 0.570911
0.285 0.573759
0.286 0.576621
0.287 0.579496
0.288 0.582384
0.289 0.585287
0.29 0.588203
0.291 0.591133
0.292 0.594076
0.293 0.597034
0.294 0.600006
0.295 0.602991
0.296 0.605991
0.297 0.609005
0.298 0.612033
0.299 0.615075
0.3 0.618131
0.301 0.621201
0.302 0.624286
0.303 0.627385
0.304 0.630499
0.305 0.633627
0.306 0.63677
0.307 0.639927
0.308 0.643099
0.309 0.646285
0.31 0.649487
0.311 0.652702
0.312 0.655933
0.313 0.659179
0.314 0.662439
0.315 0.665714
0.316 0.669005
0.317 0.67231
0.318 0.675631
0.319 0.678966
0.32 0.682317
0.321 0.685683
0.322 0.689064
0.323 0.692461
0.324 0.695873
0.325 0.6993
0.326 0.702743
0.327 0.706201
0.328 0.709675
0.329 0.713164
0.33 0.71667
0.331 0.72019
0.332 0.723727
0.333 0.727279
0.334 0.730847
0.335 0.734431
0.336 0.738031
0.337 0.741647
0.338 0.745279
0.339 0.748927
0.34 0.752591
0.341 0.756272
0.342 0.759968
0.343 0.763681
0.344 0.76741
0.345 0.771155
0.346 0.774917
0.347 0.778696
0.348 0.78249
0.349 0.786302
0.35 0.79013
0.351 0.793974
0.352 0.797835
0.353 0.801713
0.354 0.805608
0.355 0.80952
0.356 0.813448
0.357 0.817393
0.358 0.821356
0.359 0.825335
0.36 0.829332
0.361 0.833345
0.362 0.837376
0.363 0.841424
0.364 0.845489
0.365 0.849571
0.366 0.853671
0.367 0.857788
0.368 0.861923
0.369 0.866075
0.37 0.870244
0.371 0.874432
0.372 0.878636
0.373 0.882859
0.374 0.887099
0.375 0.891357
0.376 0.895633
0.377 0.899927
0.378 0.904238
0.379 0.908568
0.38 0.912915
0.381 0.917281
0.382 0.921665
0.383 0.926067
0.384 0.930487
0.385 0.934925
0.386 0.939382
0.387 0.943857
0.388 0.94835
0.389 0.952862
0.39 0.957392
0.391 0.961941
0.392 0.966508
0.393 0.971094
0.394 0.975699
0.395 0.980322
0.396 0.984964
0.397 0.989625
0.398 0.994305
0.399 0.999003
