0
1	260.654
2	259.293
3	261.4
4	258.928
5	254.407
6	254.874
7	250.803
8	254.465
9	261.163
10	255.652
11	262.006
12	255.437
13	268.009
14	263.569
15	259.266
16	255.22
17	253.115
18	258.749
19	255.223
20	253.327
21	254.445
22	255.481
23	258.037
24	252.779
25	261.299
26	251.488
27	258.912
28	254.301
29	262.709
30	259.052
31	256.359
32	256.674
33	256.266
34	258.201
35	258.133
36	259.77
37	251.591
38	254.811
39	254.91
40	253.714
41	255.624
42	257.131
43	254.095
44	252.137
45	255.87
46	255.68
47	252.207
48	255.618
49	251.724
50	251.651
51	256.091
52	250.457
53	250.784
54	251.931
55	253.906
56	252.284
57	254.16
58	253.494
59	253.953
60	252.323
61	272.912
62	258.131
63	258.333
64	254.65
65	257.123
66	255.861
67	254.321
68	256.456
69	254.215
70	252.892
71	256.245
72	276.626
73	274.466
74	254.1
75	252.402
76	256.424
77	253.653
78	256.116
79	261.159
80	259.415
81	257.391
82	258.225
83	255.613
84	276.735
85	276.278
86	258.443
87	260.632
88	261.888
89	260.244
90	261.861
91	254.101
92	253.463
93	250.998
94	255.438
95	256.4
96	276.436
97	278.366
98	262.788
99	254.674
100	248.703
101	265.23
102	257.382
103	253.753
104	257.037
105	254.673
106	256.494
107	258.007
108	274.131
109	256.676
110	254.182
111	264.369
112	262.035
113	257.803
114	257.687
115	254.302
116	256.382
117	257.912
118	258.41
119	255.945
120	262.491
121	247.357
122	252.242
123	251.468
124	250.104
125	253.075
126	255.87
127	251.068
128	258.415
129	255.064
130	256.063
131	255.1
132	251.086
133	257.283
134	258.463
135	263.199
136	255.538
137	254.392
138	252.918
139	254.401
140	253.969
141	256.409
142	251.55
143	249.541
144	253.576
145	256.401
146	256.107
147	255.961
148	253.995
149	251.852
150	251.526
151	257.43
152	261.618
153	253.223
154	254.355
155	260.68
156	254.793
157	256.87
158	258.846
159	260.87
160	259.369
161	255.547
162	255.138
163	258.512
164	257.784
165	260.688
166	257.095
167	261.981
168	260.792
169	254.746
170	261.089
171	251.072
172	252.747
173	254.989
174	254.002
175	256.33
176	261.218
177	257.816
178	261.35
179	252.815
180	251.076
181	251.714
182	255.779
183	254.875
184	261.098
185	254.599
186	252.723
187	253.051
188	253.09
189	253.963
190	253.954
191	252.973
192	252.847
193	258.079
194	255.842
195	262.022
196	253.455
197	256.103
198	261.025
199	257.686
200	256.623
201	254.739
202	258.18
203	254.113
204	256.903
205	253.556
206	257.66
207	260.662
208	254.427
209	255.351
210	260.713
211	260.302
212	254.227
213	253.628
214	259.025
215	260.116
216	1
217	1
218	246.912
219	248.257
220	253.421
221	253.19
222	250.571
223	255.835
224	258.596
225	255.528
226	256.73
227	250.674
228	252.825
229	256.314
230	251.988
231	256.304
232	256.386
233	251.675
234	254.775
235	252.558
236	252.757
237	252.061
238	255.794
239	251.085
240	255.754
241	253.159
242	252.919
243	258.08
244	253.98
245	255.025
246	257.178
247	251.623
248	258.529
249	257.717
250	257.871
251	254.571
252	1
253	253.089
254	259.325
255	256.993
256	258.124
257	255.574
258	257.047
259	259.504
260	260.816
261	256.822
262	255.468
263	257.99
264	1
265	1
266	252.673
267	255.454
268	253.392
269	257.576
270	257.429
271	253.661
272	251.232
273	254.052
274	250.482
275	254.227
276	251.776
277	253.86
278	255.941
279	255.677
280	257.423
281	254.335
282	254.97
283	251.297
284	254.787
285	254.014
286	256.079
287	250.675
288	256.291
289	253.853
290	251.515
291	256.708
292	260.163
293	258.576
294	257.706
295	255.518
296	259.12
297	254.301
298	261.612
299	256.166
300	258.848
301	256.525
302	258.027
303	263.455
304	259.618
305	255.225
306	258.95
307	258.006
308	259.367
309	265.53
310	258.596
311	258.93
312	257.437
313	254.599
314	255.24
315	259.168
316	253.749
317	260.721
318	255.195
319	256.765
320	257.537
321	256.183
322	259.205
323	261.132
324	256.527
325	258.8
326	256.947
327	253.034
328	257.822
329	253.477
330	256.197
331	253.071
332	258.456
333	256.909
334	257.586
335	257.165
336	256.295
337	250.04
338	255.707
339	255.548
340	260.795
341	256.136
342	259.343
343	257.568
344	255.777
345	254.066
346	258.156
347	253.877
348	259.536
349	260.64
350	255.923
351	260.985
352	257.459
353	256.214
354	262.285
355	255.898
356	260.053
357	261.039
358	259.709
359	255.284
360	257.443
361	253.757
362	256.026
363	255.983
364	255.013
365	262.689
366	254.405
367	254.754
368	257.841
369	259.217
370	256.214
371	259.792
372	257.284
373	258.444
374	255.682
375	260.313
376	254.468
377	255.525
378	257.305
379	254.686
380	255.171
381	253.43
382	258.725
383	250.46
384	257.938
385	249.637
386	256.275
387	258.979
388	254.064
389	255.374
390	255.563
391	256.237
392	258.342
393	261.158
394	255.569
395	255.296
396	254.765
397	258.721
398	260.477
399	258.178
400	256.018
401	252.654
402	257.82
403	257.017
404	258.301
405	257.455
406	258.748
407	265.443
408	257.493
409	251.278
410	252.985
411	255.769
412	256.915
413	255.938
414	260.327
415	258.184
416	249.546
417	259.448
418	259.659
419	257.311
420	256.461
421	256.982
422	262.151
423	257.847
424	258.021
425	252.934
426	259.766
427	256.929
428	256.819
429	256.963
430	260.265
431	254.959
432	258.625
433	255.397
434	254.993
435	252.138
436	252.475
437	255.956
438	254.979
439	254.87
440	257.411
441	254.998
442	258.014
443	256.815
444	256.092
445	249.498
446	258.147
447	254.4
448	255.59
449	251.789
450	255.661
451	258.669
452	258.487
453	259.559
454	258.219
455	256.263
456	1
457	1
458	249.471
459	254.388
460	255.658
461	256.228
462	254.401
463	254.472
464	255.863
465	248.768
466	259.953
467	259.268
468	252.972
469	257.124
470	252.446
471	252.874
472	261.07
473	250.985
474	251.208
475	252.76
476	254.671
477	250.043
478	255.319
479	251.71
480	1
481	1
482	252.125
483	258.753
484	255.367
485	253.462
486	255.486
487	253.251
488	253.233
489	257.372
490	256.581
491	256.319
492	255.067
493	254.732
494	253.858
495	258.813
496	251.196
497	252.915
498	255.531
499	257.659
500	260.275
501	262.853
502	255.892
503	259.609
504	260.97
505	250.794
506	252.719
507	259.023
508	260.861
509	261.861
510	261.165
511	257.802
512	256.741
513	258.948
514	260.786
515	261.916
516	258.615
517	252.418
518	257.353
519	253.522
520	257.62
521	249.628
522	253.674
523	260.825
524	255.384
525	252.582
526	252.34
527	255.025
528	255.748
529	254.532
530	255.084
531	264.675
532	255.787
533	256.144
534	258.62
535	257.925
536	259.407
537	255.299
538	259.583
539	256.978
540	261.706
541	257.439
542	252.683
543	254.896
544	249.708
545	251.734
546	254.14
547	255.746
548	256.758
549	257.673
550	256.532
551	259.991
552	256.44
553	247.567
554	254.219
555	262.921
556	256.831
557	260.486
558	259.549
559	256.642
560	262.756
561	259.654
562	257.062
563	260.413
564	257.536
565	260.577
566	254.829
567	260.255
568	254.907
569	255.271
570	253.763
571	250.8
572	252.953
573	253.449
574	251.341
575	256.385
576	257.139
577	257.061
578	257.536
579	252.845
580	255.377
581	257.601
582	256.923
583	253.196
584	250.921
585	260.193
586	261.232
587	258.874
588	255.978
589	255.229
590	256.731
591	254.194
592	253.519
593	251.329
594	252.228
595	254.518
596	255.576
597	251.095
598	255.987
599	254.325
600	256.906
601	252.453
602	254.327
603	261.16
604	256.237
605	263.263
606	259.4
607	257.676
608	257.858
609	259.208
610	259.197
611	256.792
612	257.294
613	254.763
614	254.899
615	256.928
616	260.218
617	250.834
618	252.822
619	254.163
620	255.525
621	256.295
622	252.715
623	251.941
624	254.516
625	256.705
626	258.005
627	256.05
628	256.238
629	252.807
630	258.221
631	259.02
632	257.174
633	253.338
634	262.854
635	252.153
636	251.447
637	252.094
638	254.156
639	252.86
640	250.867
641	249.206
642	255.903
643	254.906
644	256.458
645	255.47
646	256.338
647	261.951
648	256.664
649	253.127
650	257.636
651	257.455
652	254.849
653	260.245
654	257.849
655	254.696
656	260.516
657	260.078
658	260.341
659	257.466
660	260.594
661	256.754
662	257.116
663	256.111
664	256.869
665	254.953
666	252.513
667	253.704
668	250.795
669	250.898
670	251.921
671	255.131
672	251.681
673	257.397
674	257.77
675	257.152
676	256.739
677	255.32
678	254.424
679	259.45
680	257.68
681	259.69
682	257.764
683	253.713
684	254.701
685	255.236
686	255.989
687	255.64
688	255.742
689	257.571
690	258.475
691	259.416
692	261.701
693	259.55
694	259.638
695	262.194
696	259.063
697	257.857
698	256.46
699	258.219
700	256.193
701	252.551
702	258.778
703	257.915
704	259.799
705	258.624
706	255.93
707	257.349
708	257.992
709	254.758
710	257.617
711	262.404
712	257.981
713	255.086
714	256.214
715	254.682
716	253.679
717	255.897
718	256.46
719	257.61
720	257.895
721	256.958
722	259.07
723	255.099
724	253.568
725	262.947
726	261.864
727	261.36
728	264.999
729	260.842
730	257.937
731	253.961
732	255.446
733	254.925
734	254.766
735	261.56
736	254.506
737	254.732
738	257.442
739	257.773
740	259.003
741	261.701
742	259.166
743	260.465
744	254.287
745	258.911
746	251.819
747	255.184
748	256.354
749	255.244
750	255.718
751	252.821
752	258.709
753	257.62
754	251.37
755	254.966
756	258.764
757	258.154
758	257.041
759	259.668
760	230.598
761	255.846
762	255.138
763	255.266
764	254.04
765	260.528
766	255.017
767	256.419
768	255.962
769	257.067
770	254.645
771	1
772	253.448
773	260.362
774	262.665
775	260.016
776	262.893
777	255.396
778	258.754
779	255.552
780	255.368
781	253.686
782	254.299
783	254.585
784	254.188
785	250.692
786	253.292
787	256.466
788	258.167
789	251.696
790	254.917
791	259.532
792	258.007
793	254.584
794	254.324
795	259.34
796	254.572
797	256.184
798	250.749
799	254.662
800	257.123
801	257.512
802	255.409
803	256.148
804	254.564
805	255.958
806	254.448
807	251.363
808	256.138
809	255.191
810	259.477
811	252.729
812	253.076
813	253.189
814	252.715
815	249.088
816	255.297
817	254.268
818	257.941
819	258.681
820	254.524
821	266.133
822	264.833
823	259.107
824	256.099
825	253.459
826	257.478
827	252.849
828	255.636
829	257.048
830	257.582
831	256.442
832	257.958
833	254.612
834	257.074
835	255.782
836	254.071
837	260.792
838	258.59
839	263.018
840	278.442
841	275.578
842	253.608
843	256.742
844	256.692
845	252.28
846	255.792
847	256.369
848	253.587
849	256.403
850	254.443
851	1
852	257.047
853	258.043
854	255.931
855	258.701
856	255.73
857	258.921
858	259.148
859	258.885
860	260.222
861	256.812
862	254.335
863	258.335
864	277.715
865	275.79
866	256.915
867	252.857
868	261.542
869	261.203
870	262.23
871	263.693
872	259.646
873	252.132
874	253.294
875	256.209
876	255.347
877	277.113
878	276.464
879	276.511
880	276.744
881	276.556
882	276.774
883	278.874
884	277.568
885	277.417
886	280.37
887	280.508
888	279.917
889	276.787
890	278.987
891	278.739
892	280.598
893	279.836
894	280.064
895	279.462
896	279.458
897	280.11
898	281.617
899	281.078
900	281.234
901	279.89
902	280.418
903	279.904
904	275.551
905	276.597
906	275.304
907	278.227
908	276.205
909	275.85
910	276.894
911	276.396
912	275.937
913	276.168
914	275.953
915	275.496
916	276.308
917	276.773
918	276.911
919	277.788
920	278.973
921	277.943
922	1
923	279.811
924	279.336
925	278.427
926	279.423
927	280.852
928	278.347
929	278.088
930	279.42
931	278.956
932	278.965
933	278.979
934	279.375
935	279.781
936	281.149
937	281.289
938	279.952
939	279.641
940	275.415
941	277.867
942	276.656
943	276.612
944	275.623
945	275.955
946	276.048
947	277.629
948	275.726
949	276.125
950	276.256
951	277.59
952	276.45
953	276.484
954	276.029
955	276.786
956	276.755
957	275.342
958	279.301
959	278.508
960	278.684
961	278.935
962	278.782
963	278.07
964	277.916
965	277.929
966	278.805
967	277.913
968	277.551
969	277.726
970	278.541
971	279.379
972	278.268
973	278.668
974	278.714
975	278.728
976	275.65
977	274.57
978	275.325
979	276.086
980	275.595
981	276.087
982	275.968
983	276.413
984	275.296
985	279.201
986	277.978
987	278.954
988	277.352
989	279.236
990	277.238
991	278.133
992	277.776
993	278.307
994	277.527
995	277.573
996	278.624
997	279.772
998	278.636
999	278.586
1000	278.787
1001	279.082
1002	279.188
1003	277.988
1004	278.817
1005	279.732
1006	280.084
1007	279.726
1008	279.012
1009	281.228
1010	279.696
1011	279.621
1012	278.043
1013	1
1014	278.722
1015	275.674
1016	277.601
1017	275.651
1018	275.835
1019	276.389
1020	275.68
