0	0																									
1	1	4984.88	0.09497	0	336.90	1.5625	0	100	2	762.17	-447.59	4076.20	-13130.75	0	0	0	0	0	0	0	1	0	0.000869	0.000013	0.00000311	0
1	2	5048.49	0.09497	0	337.32	1.5625	0	100	2	639.05	912.53	2774.64	-3726.19	0	0	0	0	0	0	0	1	0	0.000906	0.0000224	0.00000254	0
1	3	5060.72	0.09497	0	338.20	1.5625	0	100	2	688.68	1124.36	1143.24	-4478.98	0	0	0	0	0	0	0	1	0	0.000808	0.00002	0.00000403	0
1	4	5047.33	0.09497	0	337.94	1.5625	0	100	2	1011.70	-1675.18	11149.49	-29037.27	0	0	0	0	0	0	0	1	0	0.000765	0.0000212	0.00000515	0
1	5	5059.90	0.09497	0	337.85	1.5625	0	100	2	853.94	-397.01	-410.29	1705.03	0	0	0	0	0	0	0	1	0	-0.000386	0.000271	-0.00000963	0
1	6	5033.82	0.09497	0	337.17	1.5625	0	100	2	854.33	-935.54	5882.19	-15056.66	0	0	0	0	0	0	0	1	0	0.000708	0.0000189	0.00000505	0
1	7	5050.84	0.09497	0	337.62	1.5625	0	100	2	748.45	-1977.47	22870.48	-46464.54	0	0	0	0	0	0	0	1	0	0.000734	0.0000394	0.00000243	0
1	8	4988.15	0.09497	0	336.40	1.5625	0	100	2	886.84	-1076.38	7419.31	-19551.72	0	0	0	0	0	0	0	1	0	0.000702	0.000039	0.00000264	0
1	9	5043.90	0.09497	0	337.35	1.5625	0	100	2	706.68	-1255.06	7220.94	-18077.73	0	0	0	0	0	0	0	1	0	0.000849	0.0000187	0.00000125	0
1	10	5058.97	0.09497	0	337.35	1.5625	0	100	2	315.82	6155.35	-28942.46	76254.68	0	0	0	0	0	0	0	1	0	0.000802	0.0000159	0.00000512	0
1	11	5043.95	0.09497	0	336.73	1.5625	0	100	2	853.63	628.11	6631.46	-20720.36	0	0	0	0	0	0	0	1	0	0.000161	0.000183	-0.00000421	0
1	12	5037.88	0.09497	0	336.63	1.5625	0	100	2	1061.19	-1421.47	6127.04	-12529.28	0	0	0	0	0	0	0	1	0	0.000749	0.000019	0.00000537	0
1	13	5071.23	0.09497	0	337.67	1.5625	0	100	2	922.87	-840.66	3933.55	-9839.18	0	0	0	0	0	0	0	1	0	0.000788	0.0000295	0.00000275	0
1	14	5070.64	0.09497	0	337.71	1.5625	0	100	2	912.38	-1629.26	9426.50	-21964.51	0	0	0	0	0	0	0	1	0	0.000795	0.000026	0.00000265	0
1	15	5069.78	0.09497	0	337.66	1.5625	0	100	2	914.53	1007.57	137.38	-5120.73	0	0	0	0	0	0	0	1	0	0.000168	0.000174	-0.00000229	0
1	16	5071.47	0.09497	0	337.98	1.5625	0	100	2	825.48	-1779.42	11816.12	-24756.67	0	0	0	0	0	0	0	1	0	0.000856	0.0000158	0.00000277	0
1	17	5050.15	0.09497	0	337.57	1.5625	0	100	2	754.97	-571.47	3341.40	-11780.97	0	0	0	0	0	0	0	1	0	0.000824	0.0000233	0.00000186	0
1	18	5055.15	0.09497	0	337.20	1.5625	0	100	2	799.31	1290.16	-4192.48	9414.36	0	0	0	0	0	0	0	1	0	0.000752	0.0000227	0.0000048	0
1	19	5067.08	0.09497	0	337.96	1.5625	0	100	2	683.79	-655.64	3576.06	-11002.32	0	0	0	0	0	0	0	1	0	0.000791	0.000026	0.00000125	0
1	20	5074.79	0.09497	0	338.33	1.5625	0	100	2	950.18	-1220.47	6229.11	-14529.24	0	0	0	0	0	0	0	1	0	0.000811	0.000027	0.00000295	0
1	21	5059.76	0.09497	0	337.08	1.5625	0	100	2	638.39	1298.21	4081.60	-12875.79	0	0	0	0	0	0	0	1	0	0.000852	0.0000113	0.00000548	0
1	22	5068.11	0.09497	0	337.57	1.5625	0	100	2	840.77	-1252.53	7840.09	-19266.67	0	0	0	0	0	0	0	1	0	0.000868	0.00000646	0.00000317	0
1	23	5063.20	0.09497	0	337.73	1.5625	0	100	2	870.78	-686.76	2459.06	-7529.44	0	0	0	0	0	0	0	1	0	0.000524	0.0000736	0.000000701	0
1	24	5072.61	0.09497	0	337.81	1.5625	0	100	2	811.46	-1470.40	19191.90	-37286.82	0	0	0	0	0	0	0	1	0	0.000754	0.0000319	0.00000387	0
1	25	5065.70	0.09497	0	337.02	1.5625	0	100	2	888.79	-1135.87	5322.38	-13111.11	0	0	0	0	0	0	0	1	0	0.000809	0.0000278	0.00000171	0
1	26	5070.33	0.09497	0	337.38	1.5625	0	100	2	1003.55	-2069.20	9730.57	-18319.75	0	0	0	0	0	0	0	1	0	0.00085	0.00003	0.00000235	0
1	27	5077.67	0.09497	0	337.69	1.5625	0	100	2	974.80	-2355.61	14363.99	-32364.64	0	0	0	0	0	0	0	1	0	0.000838	0.0000229	0.00000302	0
1	28	5073.48	0.09497	0	337.28	1.5625	0	100	2	533.71	1810.29	-3188.59	10929.00	0	0	0	0	0	0	0	1	0	0.000832	0.0000198	0.00000323	0
1	29	5073.42	0.09497	0	337.10	1.5625	0	100	2	925.46	-1459.72	9993.76	-20609.03	0	0	0	0	0	0	0	1	0	0.000874	0.0000163	0.00000434	0
1	30	5065.58	0.09497	0	336.39	1.5625	0	100	2	941.01	-551.95	883.62	-7049.29	0	0	0	0	0	0	0	1	0	0.000838	0.0000159	0.00000356	0
1	31	5076.23	0.09497	0	337.51	1.5625	0	100	2	891.43	-1255.33	8477.37	-22953.35	0	0	0	0	0	0	0	1	0	0.000239	0.000146	-0.00000326	0
1	32	5066.47	0.09497	0	336.66	1.5625	0	100	2	1340.95	-3524.71	16197.16	-28791.48	0	0	0	0	0	0	0	1	0	0.0009	0.0000204	0.00000576	0
1	33	5030.55	0.09497	0	337.28	1.5625	0	100	2	900.16	-1276.30	8138.52	-21756.27	0	0	0	0	0	0	0	1	0	0.000866	0.0000152	0.00000338	0
1	34	5054.47	0.09497	0	337.50	1.5625	0	100	2	700.72	4878.18	-21961.71	34510.12	0	0	0	0	0	0	0	1	0	0.000851	0.000018	0.00000538	0
1	35	5038.43	0.09497	0	336.62	1.5625	0	100	2	1201.82	185.29	7928.18	2457.96	0	0	0	0	0	0	0	1	0	0.000787	0.0000379	0.0000113	0
1	36	5058.96	0.09497	0	337.25	1.5625	0	100	2	737.20	787.31	3499.18	-7423.86	0	0	0	0	0	0	0	1	0	0.000897	0.0000162	0.00000428	0
1	37	5070.13	0.09497	0	337.82	1.5625	0	100	2	1054.95	-330.80	766.17	-5401.20	0	0	0	0	0	0	0	1	0	0.000782	0.0000202	0.00000528	0
1	38	5054.69	0.09497	0	337.31	1.5625	0	100	2	1147.73	-769.47	3099.59	-10198.79	0	0	0	0	0	0	0	1	0	0.000782	0.0000206	0.00000736	0
1	39	5054.51	0.09497	0	337.50	1.5625	0	100	2	957.69	-1225.91	7892.71	-22224.18	0	0	0	0	0	0	0	1	0	0.000809	0.000016	0.00000405	0
1	40	5055.82	0.09497	0	337.25	1.5625	0	100	2	1054.51	-888.73	3660.56	-9678.24	0	0	0	0	0	0	0	1	0	0.000846	0.0000193	0.00000444	0
1	41	5069.59	0.09497	0	337.24	1.5625	0	100	2	951.58	-2546.67	27208.03	-49601.37	0	0	0	0	0	0	0	1	0	0.000866	0.0000224	0.0000066	0
1	42	5058.93	0.09497	0	336.98	1.5625	0	100	2	996.91	-1174.45	8224.05	-22159.04	0	0	0	0	0	0	0	1	0	0.000857	0.0000219	0.00000384	0
1	43	5069.92	0.09497	0	337.27	1.5625	0	100	2	882.83	915.21	-5818.19	4361.43	0	0	0	0	0	0	0	1	0	0.000755	0.0000347	0.00000358	0
1	44	5060.81	0.09497	0	336.80	1.5625	0	100	2	1000.53	-1039.52	6879.74	-17791.62	0	0	0	0	0	0	0	1	0	0.000748	0.0000302	0.0000043	0
1	45	5052.85	0.09497	0	336.71	1.5625	0	100	2	996.03	-1976.77	14706.48	-34012.79	0	0	0	0	0	0	0	1	0	0.000811	0.0000189	0.0000058	0
1	46	5056.21	0.09497	0	334.91	1.5625	0	100	2	1112.11	-927.38	2801.59	-4962.64	0	0	0	0	0	0	0	1	0	0.000808	0.0000209	0.00000689	0
1	47	5059.15	0.09497	0	336.50	1.5625	0	100	2	894.65	804.41	4869.57	-8199.19	0	0	0	0	0	0	0	1	0	0.000821	0.0000204	0.00000867	0
1	48	5050.41	0.09497	0	336.57	1.5625	0	100	2	986.02	-1699.78	9893.03	-20875.17	0	0	0	0	0	0	0	1	0	0.00083	0.0000206	0.00000504	0
2	1	0	0.09497	0	0	1.5625	0	100	2	0	1	0	0	0	0	0	0	0	0	0	1	0	1	0	0	0
2	2	0	0.09497	0	0	1.5625	0	100	2	0	1	0	0	0	0	0	0	0	0	0	1	0	1	0	0	0
2	3	0	0.09497	0	0	1.5625	0	100	2	0	1	0	0	0	0	0	0	0	0	0	1	0	1	0	0	0
2	4	0	0.09497	0	0	1.5625	0	100	2	0	1	0	0	0	0	0	0	0	0	0	1	0	1	0	0	0
2	5	0	0.09497	0	0	1.5625	0	100	2	0	1	0	0	0	0	0	0	0	0	0	1	0	1	0	0	0
2	6	0	0.09497	0	0	1.5625	0	100	2	0	1	0	0	0	0	0	0	0	0	0	1	0	1	0	0	0
2	7	0	0.09497	0	0	1.5625	0	100	2	0	1	0	0	0	0	0	0	0	0	0	1	0	1	0	0	0
2	8	0	0.09497	0	0	1.5625	0	100	2	0	1	0	0	0	0	0	0	0	0	0	1	0	1	0	0	0
2	9	0	0.09497	0	0	1.5625	0	100	2	0	1	0	0	0	0	0	0	0	0	0	1	0	1	0	0	0
2	10	0	0.09497	0	0	1.5625	0	100	2	0	1	0	0	0	0	0	0	0	0	0	1	0	1	0	0	0
2	11	0	0.09497	0	0	1.5625	0	100	2	0	1	0	0	0	0	0	0	0	0	0	1	0	1	0	0	0
2	12	0	0.09497	0	0	1.5625	0	100	2	0	1	0	0	0	0	0	0	0	0	0	1	0	1	0	0	0
2	13	0	0.09497	0	0	1.5625	0	100	2	0	1	0	0	0	0	0	0	0	0	0	1	0	1	0	0	0
2	14	0	0.09497	0	0	1.5625	0	100	2	0	1	0	0	0	0	0	0	0	0	0	1	0	1	0	0	0
2	15	0	0.09497	0	0	1.5625	0	100	2	0	1	0	0	0	0	0	0	0	0	0	1	0	1	0	0	0
2	16	0	0.09497	0	0	1.5625	0	100	2	0	1	0	0	0	0	0	0	0	0	0	1	0	1	0	0	0
2	17	0	0.09497	0	0	1.5625	0	100	2	0	1	0	0	0	0	0	0	0	0	0	1	0	1	0	0	0
2	18	0	0.09497	0	0	1.5625	0	100	2	0	1	0	0	0	0	0	0	0	0	0	1	0	1	0	0	0
2	19	0	0.09497	0	0	1.5625	0	100	2	0	1	0	0	0	0	0	0	0	0	0	1	0	1	0	0	0
2	20	0	0.09497	0	0	1.5625	0	100	2	0	1	0	0	0	0	0	0	0	0	0	1	0	1	0	0	0
2	21	0	0.09497	0	0	1.5625	0	100	2	0	1	0	0	0	0	0	0	0	0	0	1	0	1	0	0	0
2	22	0	0.09497	0	0	1.5625	0	100	2	0	1	0	0	0	0	0	0	0	0	0	1	0	1	0	0	0
2	23	0	0.09497	0	0	1.5625	0	100	2	0	1	0	0	0	0	0	0	0	0	0	1	0	1	0	0	0
2	24	0	0.09497	0	0	1.5625	0	100	2	0	1	0	0	0	0	0	0	0	0	0	1	0	1	0	0	0
3	1	0	0.09497	0	0	1.5625	0	100	2	0	1	0	0	0	0	0	0	0	0	0	1	0	1	0	0	0
3	2	0	0.09497	0	0	1.5625	0	100	2	0	1	0	0	0	0	0	0	0	0	0	1	0	1	0	0	0
3	3	0	0.09497	0	0	1.5625	0	100	2	0	1	0	0	0	0	0	0	0	0	0	1	0	1	0	0	0
3	4	0	0.09497	0	0	1.5625	0	100	2	0	1	0	0	0	0	0	0	0	0	0	1	0	1	0	0	0
3	5	0	0.09497	0	0	1.5625	0	100	2	0	1	0	0	0	0	0	0	0	0	0	1	0	1	0	0	0
3	6	0	0.09497	0	0	1.5625	0	100	2	0	1	0	0	0	0	0	0	0	0	0	1	0	1	0	0	0
3	7	0	0.09497	0	0	1.5625	0	100	2	0	1	0	0	0	0	0	0	0	0	0	1	0	1	0	0	0
3	8	0	0.09497	0	0	1.5625	0	100	2	0	1	0	0	0	0	0	0	0	0	0	1	0	1	0	0	0
3	9	0	0.09497	0	0	1.5625	0	100	2	0	1	0	0	0	0	0	0	0	0	0	1	0	1	0	0	0
3	10	0	0.09497	0	0	1.5625	0	100	2	0	1	0	0	0	0	0	0	0	0	0	1	0	1	0	0	0
3	11	0	0.09497	0	0	1.5625	0	100	2	0	1	0	0	0	0	0	0	0	0	0	1	0	1	0	0	0
3	12	0	0.09497	0	0	1.5625	0	100	2	0	1	0	0	0	0	0	0	0	0	0	1	0	1	0	0	0
3	13	0	0.09497	0	0	1.5625	0	100	2	0	1	0	0	0	0	0	0	0	0	0	1	0	1	0	0	0
3	14	0	0.09497	0	0	1.5625	0	100	2	0	1	0	0	0	0	0	0	0	0	0	1	0	1	0	0	0
3	15	0	0.09497	0	0	1.5625	0	100	2	0	1	0	0	0	0	0	0	0	0	0	1	0	1	0	0	0
3	16	0	0.09497	0	0	1.5625	0	100	2	0	1	0	0	0	0	0	0	0	0	0	1	0	1	0	0	0
3	17	0	0.09497	0	0	1.5625	0	100	2	0	1	0	0	0	0	0	0	0	0	0	1	0	1	0	0	0
3	18	0	0.09497	0	0	1.5625	0	100	2	0	1	0	0	0	0	0	0	0	0	0	1	0	1	0	0	0
3	19	0	0.09497	0	0	1.5625	0	100	2	0	1	0	0	0	0	0	0	0	0	0	1	0	1	0	0	0
3	20	0	0.09497	0	0	1.5625	0	100	2	0	1	0	0	0	0	0	0	0	0	0	1	0	1	0	0	0
3	21	0	0.09497	0	0	1.5625	0	100	2	0	1	0	0	0	0	0	0	0	0	0	1	0	1	0	0	0
3	22	0	0.09497	0	0	1.5625	0	100	2	0	1	0	0	0	0	0	0	0	0	0	1	0	1	0	0	0
3	23	0	0.09497	0	0	1.5625	0	100	2	0	1	0	0	0	0	0	0	0	0	0	1	0	1	0	0	0
3	24	0	0.09497	0	0	1.5625	0	100	2	0	1	0	0	0	0	0	0	0	0	0	1	0	1	0	0	0

