0	0																									
1	1	5245.41	0.09497	0	350.32	1.5625	0	100	2	1107.059547	-2921.099658	22996.272345	-56193.095443	0	0	0	0	0	0	0	1	0	0.00111	0.0000202	0.0000329	0
1	2	5244.53	0.09497	0	350.89	1.5625	0	100	2	1080.630265	-97.026858	3479.528925	-15888.166841	0	0	0	0	0	0	0	1	0	0.00142	0.0000107	0.0000374	0
1	3	5262.44	0.09497	0	350.58	1.5625	0	100	2	900.302785	1357.456401	-6258.956789	1554.30309	0	0	0	0	0	0	0	1	0	0.00102	0.0000219	0.0000331	0
1	4	5257.30	0.09497	0	350.66	1.5625	0	100	2	1011.609445	3.202404	120.674273	-4812.905633	0	0	0	0	0	0	0	1	0	0.000989	0.0000225	0.0000373	0
1	5	5269.33	0.09497	0	350.75	1.5625	0	100	2	989.538534	-117.129559	2500.170332	-12778.574466	0	0	0	0	0	0	0	1	0	0.00113	0.0000248	0.0000296	0
1	6	5264.74	0.09497	0	350.44	1.5625	0	100	2	849.705234	-8.417878	10728.197469	-40926.709237	0	0	0	0	0	0	0	1	0	0.000988	0.0000218	0.0000284	0
1	7	5270.28	0.09497	0	350.61	1.5625	0	100	2	1006.618157	-832.630938	4921.684323	-14676.257648	0	0	0	0	0	0	0	1	0	0.00108	0.0000229	0.0000311	0
1	8	5267.84	0.09497	0	350.73	1.5625	0	100	2	1040.896564	-138.186669	2942.017034	-15375.079628	0	0	0	0	0	0	0	1	0	0.00115	0.0000235	0.0000386	0
1	9	5264.91	0.09497	0	350.16	1.5625	0	100	2	966.259151	479.272964	-5226.721951	6000.888619	0	0	0	0	0	0	0	1	0	0.000967	0.0000296	0.0000441	0
1	10	5259.57	0.09497	0	350.19	1.5625	0	100	2	931.216992	476.733012	7.205998	-10315.402573	0	0	0	0	0	0	0	1	0	0.000946	0.0000264	0.0000398	0
1	11	5274.13	0.09497	0	350.63	1.5625	0	100	2	1087.490527	-2653.997105	22525.056798	-56082.318374	0	0	0	0	0	0	0	1	0	0.00123	0.0000333	0.000032	0
1	12	5274.68	0.09497	0	350.77	1.5625	0	100	2	894.242017	715.92741	-5860.066483	8956.04583	0	0	0	0	0	0	0	1	0	0.000993	0.0000247	0.0000322	0
1	13	5269.07	0.09497	0	348.97	1.5625	0	100	2	1177.321308	-4698.53591	41555.936458	-94087.254799	0	0	0	0	0	0	0	1	0	0.00135	0.0000241	0.0000334	0
1	14	5271.65	0.09497	0	350.44	1.5625	0	100	2	1086.814687	-4239.337574	32531.534136	-70930.928921	0	0	0	0	0	0	0	1	0	0.00111	0.0000249	0.0000246	0
1	15	5262.89	0.09497	0	350.14	1.5625	0	100	2	872.087799	835.338691	-6398.269238	10587.349717	0	0	0	0	0	0	0	1	0	0.00109	0.0000265	0.0000297	0
1	16	5262.31	0.09497	0	349.78	1.5625	0	100	2	1037.572527	-938.438494	7712.106286	-22112.36368	0	0	0	0	0	0	0	1	0	0.00109	0.0000206	0.0000468	0
1	17	5248.28	0.09497	0	351.47	1.5625	0	100	2	914.743662	2278.743543	-12026.492646	15174.139569	0	0	0	0	0	0	0	1	0	0.00122	0.0000305	0.000032	0
1	18	5228.28	0.09497	0	351.12	1.5625	0	100	2	915.946936	-958.619109	12241.848208	-35349.072863	0	0	0	0	0	0	0	1	0	0.00118	0.0000248	0.0000304	0
1	19	5259.64	0.09497	0	351.87	1.5625	0	100	2	720.753387	5802.128554	-27266.271631	34720.981619	0	0	0	0	0	0	0	1	0	0.00104	0.0000326	0.0000529	0
1	20	5227.12	0.09497	0	351.03	1.5625	0	100	2	1015.373083	830.498558	-2398.071628	-3523.146239	0	0	0	0	0	0	0	1	0	0.00105	0.0000289	0.0000409	0
1	21	5263.94	0.09497	0	351.23	1.5625	0	100	2	1014.031224	625.789738	-2381.707255	-5299.864022	0	0	0	0	0	0	0	1	0	0.0012	0.0000267	0.0000308	0
1	22	5257.99	0.09497	0	350.87	1.5625	0	100	2	1060.742402	-482.737603	7278.725805	-25348.42117	0	0	0	0	0	0	0	1	0	0.00101	0.0000256	0.0000484	0
1	23	5266.90	0.09497	0	350.65	1.5625	0	100	2	1060.061033	-2477.693293	23233.726269	-56692.388962	0	0	0	0	0	0	0	1	0	0.00123	0.0000215	0.0000229	0
1	24	5262.27	0.09497	0	351.13	1.5625	0	100	2	1049.407512	-3922.619825	35129.755231	-82818.219319	0	0	0	0	0	0	0	1	0	0.00124	0.0000287	0.0000307	0
2	1	5246.74	0.09497	0	350.46	1.5625	0	100	6	+1.263282e+00	-2.587598e+00	+1.004586e+01	-2.213368e+01	0.045	0.314	0	0	0	0	0	6	5.590e-07	8.000e-04	0	0	0
2	2	5235.81	0.09497	0	350.22	1.5625	0	100	6	+1.244955e+00	-2.312569e+00	+8.533681e+00	-1.905110e+01	0.045	0.314	0	0	0	0	0	6	5.120e-07	8.700e-04	0	0	0
2	3	5254.59	0.09497	0	350.27	1.5625	0	100	6	+1.242476e+00	-1.622323e+00	+3.310100e+00	-1.131531e+01	0.045	0.314	0	0	0	0	0	6	7.560e-07	7.400e-04	0	0	0
2	4	5243.95	0.09497	0	348.46	1.5625	0	100	6	+1.245521e+00	-2.725213e+00	+1.189943e+01	-2.489544e+01	0.045	0.314	0	0	0	0	0	6	4.630e-07	7.900e-04	0	0	0
2	5	5240.85	0.09497	0	348.32	1.5625	0	100	6	+1.097513e+00	+9.706310e-01	-1.215587e+01	+1.944269e+01	0.045	0.314	0	0	0	0	0	6	5.000e-07	6.300e-04	0	0	0
2	6	5245.31	0.09497	0	349.97	1.5625	0	100	6	+1.525855e+00	-5.801870e+00	+2.328394e+01	-4.185146e+01	0.045	0.314	0	0	0	0	0	6	6.300e-07	8.100e-04	0	0	0
2	7	5262.57	0.09497	0	350.16	1.5625	0	100	6	+1.258431e+00	-2.895321e+00	+1.320719e+01	-2.923239e+01	0.045	0.314	0	0	0	0	0	6	7.700e-07	8.100e-04	0	0	0
2	8	5252.81	0.09497	0	349.69	1.5625	0	100	6	+1.354148e+00	-3.952203e+00	+1.664544e+01	-3.224029e+01	0.045	0.314	0	0	0	0	0	6	5.700e-07	8.500e-04	0	0	0
2	9	5265.61	0.09497	0	351.19	1.5625	0	100	6	+1.493981e+00	-8.657683e+00	+5.098105e+01	-1.007982e+02	0.045	0.314	0	0	0	0	0	6	6.100e-07	9.400e-04	0	0	0
2	10	5249.81	0.09497	0	351.14	1.5625	0	100	6	+1.188127e+00	-1.344627e+00	+3.705364e+00	-1.247359e+01	0.045	0.314	0	0	0	0	0	6	5.660e-07	5.910e-04	0	0	0
2	11	5270.16	0.09497	0	351.46	1.5625	0	100	6	+1.245034e+00	-1.811437e+00	+4.002707e+00	-9.556607e+00	0.045	0.314	0	0	0	0	0	6	4.190e-07	6.800e-04	0	0	0
2	12	5266.56	0.09497	0	351.26	1.5625	0	100	6	+1.020147e+00	+2.176425e+00	-1.805958e+01	+2.823648e+01	0.045	0.314	0	0	0	0	0	6	5.400e-07	7.000e-04	0	0	0
2	13	5264.00	0.09497	0	350.76	1.5625	0	100	6	+1.358185e+00	-3.495120e+00	+1.228199e+01	-2.300401e+01	0.045	0.314	0	0	0	0	0	6	4.800e-07	6.000e-04	0	0	0
2	14	5266.40	0.09497	0	350.51	1.5625	0	100	6	+1.386217e+00	-3.422985e+00	+9.858170e+00	-1.675704e+01	0.045	0.314	0	0	0	0	0	6	4.310e-07	6.900e-04	0	0	0
2	15	5264.09	0.09497	0	350.33	1.5625	0	100	6	+1.282331e+00	-2.719093e+00	+9.559127e+00	-1.861115e+01	0.045	0.314	0	0	0	0	0	6	4.700e-07	6.000e-04	0	0	0
2	16	5259.22	0.09497	0	350.92	1.5625	0	100	6	+1.156592e+00	-1.076845e+00	+2.951548e+00	-1.101389e+01	0.045	0.314	0	0	0	0	0	6	3.450e-07	5.200e-04	0	0	0
2	17	5259.14	0.09497	0	350.52	1.5625	0	100	6	+1.372898e+00	-4.470200e+00	+2.016852e+01	-3.894781e+01	0.045	0.314	0	0	0	0	0	6	5.680e-07	6.290e-04	0	0	0
2	18	5261.55	0.09497	0	350.47	1.5625	0	100	6	+1.287022e+00	-2.109779e+00	+4.436297e+00	-1.014444e+01	0.045	0.314	0	0	0	0	0	6	5.400e-07	5.600e-04	0	0	0
2	19	5264.26	0.09497	0	350.39	1.5625	0	100	6	+1.315609e+00	-3.871831e+00	+1.763470e+01	-3.329786e+01	0.045	0.314	0	0	0	0	0	6	6.300e-07	8.700e-04	0	0	0
2	20	5274.67	0.09497	0	350.83	1.5625	0	100	6	+1.452449e+00	-4.708942e+00	+1.786338e+01	-3.286565e+01	0.045	0.314	0	0	0	0	0	6	4.600e-07	6.460e-04	0	0	0
2	21	5268.33	0.09497	0	350.29	1.5625	0	100	6	+1.300194e+00	-2.569620e+00	+8.180031e+00	-1.897633e+01	0.045	0.314	0	0	0	0	0	6	4.720e-07	6.610e-04	0	0	0
2	22	5268.29	0.09497	0	350.20	1.5625	0	100	6	+1.331834e+00	-3.496602e+00	+1.400563e+01	-2.787475e+01	0.045	0.314	0	0	0	0	0	6	4.400e-07	7.710e-04	0	0	0
2	23	5270.27	0.09497	0	348.79	1.5625	0	100	6	+1.324453e+00	-3.807956e+00	+1.737136e+01	-3.554945e+01	0.045	0.314	0	0	0	0	0	6	5.600e-07	6.800e-04	0	0	0
2	24	5267.09	0.09497	0	348.62	1.5625	0	100	6	+1.381662e+00	-3.119657e+00	+8.317258e+00	-1.702919e+01	0.045	0.314	0	0	0	0	0	6	6.570e-07	6.900e-04	0	0	0

