#RunNumber	Factor
44961	1
44962	1
44963	1
44964	1
44965	1
44966	1
44967	1
44968	1
44969	1
44970	1
44971	1
44972	1
44973	1
44974	1
44975	1
44976	1
44977	1
44978	1
44979	1
44980	1
44981	1
44982	1
44983	1
44984	1
44985	1
44986	1
44987	1
44988	1
44989	1
44990	1
44991	1
44992	1
44993	1
44994	1
44995	1
44996	1
44997	1
44998	1
44999	1
45000	1
45001	1
45002	1
45003	1
45004	1
45005	1
45006	1
45007	1
45008	1
45009	1
45010	1
45011	1
45012	1
45013	1
45014	1
45015	1
45016	1
45017	1
45018	1
45019	1
45020	1
45021	1
45022	1
45023	1
45024	1
45025	1
45026	1
45027	1
45028	1
45029	1
45030	1
45031	1
45032	1
45033	1
45034	1
45035	1
45036	1
45037	1
45038	1
45039	1
45040	1
45041	1
45042	1
45043	1
45044	1
45045	1
45046	1
45047	1
45048	1
45049	1
45050	1
45051	0.997324
45052	0.99625
45053	0.992593
45054	0.990711
45055	0.995305
45056	0.984628
45057	1.03149
45058	0.992767
45059	0.996229
45060	0.985583
45061	1.00538
45062	0.988995
45063	1.00637
45064	0.990944
45065	0.985628
45066	0.995951
45067	1.00874
45068	0.978798
45069	0.978175
45070	0.977756
45071	0.98351
45072	1.01542
45073	1.00185
45074	0.993946
45075	0.999766
45076	1.00233
45077	0.999102
45078	1.01087
45079	0.98006
45080	0.983584
45081	0.988186
45082	1.012
45083	0.988562
45084	0.992021
45085	0.991798
45086	0.975746
45087	1.00646
45088	0.991183
45089	0.993701
45090	1.00189
45091	0.997144
45092	0.993724
45093	0.998009
45094	0.97942
45095	1.00541
45096	0.983523
45097	0.990757
45098	0.981811
45099	0.978873
45100	1.00611
45101	0.979433
45102	0.986864
45103	0.978261
45104	0.992198
45105	0.992336
45106	0.998987
45107	1.00522
45108	0.986792
45109	0.98621
45110	1.00097
45111	0.987208
45112	1.0296
45113	0.985353
45114	0.985645
45115	0.991411
45116	0.977512
45117	0.989256
45118	0.979132
45119	0.989673
45120	0.980391
45121	0.981291
45122	0.987813
45123	0.986094
45124	1.04658
45125	0.98533
45126	0.985516
45127	1.01377
45128	0.98323
45129	0.997165
45130	1
45131	0.972097
45132	0.98619
45133	1.03233
45134	0.982824
45135	0.976496
45136	0.986545
45137	1.01726
45138	0.998295
45139	0.986249
45140	0.984883
45141	0.996064
45142	0.985205
45143	0.985641
45144	0.99172
45145	0.990902
45146	0.992846
45147	1.00173
45148	0.988465
45149	0.986525
45150	0.990269
45151	0.987088
45152	0.990413
45153	0.994819
45154	1.03173
45155	0.991905
45156	0.994182
45157	0.990877
45158	0.987866
45159	0.979165
45160	1.00424
45161	0.991422
45162	1.00078
45163	0.990896
45164	0.988156
45165	0.988019
45166	0.989502
45167	0.987884
45168	0.978411
45169	0.987986
45170	0.978725
45171	0.990637
45172	1.00741
45173	0.987308
45174	1.01067
45175	0.98108
45176	1.02279
45177	1.00128
45178	0.99248
45179	0.983667
45180	0.986233
45181	0.991587
45182	0.985789
45183	0.986959
45184	0.978714
45185	1.01733
45186	0.983472
45187	1.01861
45188	0.996279
45189	0.981761
45190	0.977078
45191	0.982904
45192	0.99181
45193	1.02323
45194	0.993392
45195	0.989947
45196	0.980523
45197	0.98768
45198	1.00015
45199	0.984377
45200	0.993427
45201	1.00037
45202	0.987152
45203	0.991854
45204	0.987183
45205	0.976033
45206	0.989581
45207	0.983077
45208	1.00303
45209	0.988109
45210	0.987894
45211	0.992653
45212	0.972348
45213	0.997588
45214	0.979283
45215	0.993561
45216	0.989643
45217	0.990963
45218	0.982336
45219	0.988463
45220	0.982322
45221	0.980488
45222	0.998576
45223	0.98226
45224	1.00207
45225	0.992152
45226	1.01102
45227	0.990782
45228	0.984967
45229	0.992826
45230	0.983226
45231	1.02053
45232	0.997899
45233	1.01417
45234	0.980574
45235	0.987381
45236	0.99611
45237	0.990248
45238	0.989925
45239	1.01225
45240	1.00541
45241	0.98493
45242	0.980582
45243	0.997519
45244	0.985427
45245	0.974701
45246	1.00785
45247	0.992693
45248	1.03454
45249	0.964944
45250	0.997478
45251	0.984346
45252	0.995026
45253	0.965179
45254	0.994588
45255	0.99767
45256	0.990384
45257	0.998531
45258	0.989929
45259	0.999405
45260	0.998709
45261	0.9895
45262	0.985122
45263	0.98464
45264	0.985551
45265	0.995743
45266	0.987101
45267	0.992762
45268	0.987056
45269	0.99166
45270	0.97866
45271	0.987974
45272	1.00554
45273	1.01319
45274	0.979139
45275	1.00547
45276	0.988176
45277	0.984131
45278	0.980407
45279	0.991961
45280	0.981388
45281	0.995145
45282	0.982649
45283	1.01684
45284	0.981426
45285	0.976422
45286	0.986605
45287	0.993793
45288	0.992925
45289	0.987197
45290	1.00923
45291	0.991829
45292	0.991149
45293	0.981093
45294	0.980681
45295	0.991694
45296	0.988568
45297	0.97197
45298	0.98321
45299	0.976922
45300	0.983051
45301	0.99264
45302	1.00521
45303	0.98613
45304	0.989712
45305	0.985113
45306	0.975658
45307	1.00842
45308	0.997847
45309	0.989193
45310	0.999018
45311	0.98526
45312	0.990975
45313	0.996788
45314	0.987134
45315	0.99516
45316	0.991192
45317	0.982041
45318	0.975693
45319	0.978345
45320	0.982633
45321	0.999533
45322	1.00423
45323	0.99223
45324	0.996937
45325	0.985451
45326	0.991262
45327	1.00399
45328	0.978462
45329	0.995814
45330	0.991286
45331	0.98856
45332	0.986004
45333	0.998865
45334	0.985369
45335	0.98274
45336	0.992423
45337	0.975324
45338	0.98983
45339	0.988444
45340	0.972596
45341	0.994888
45342	0.992177
45343	0.992128
45344	0.988524
45345	0.98127
45346	0.984573
45347	0.98412
45348	1.04411
45349	0.984848
45350	0.981037
45351	0.992593
45352	0.991678
45353	0.99116
45354	0.999244
45355	0.992476
45356	1.00242
45357	0.97537
45358	1.00676
45359	0.986809
45360	0.988493
45361	0.998744
45362	0.988096
45363	0.989552
45364	0.993632
45365	1.00444
45366	0.990879
45367	1.00777
45368	0.994422
45369	0.999824
45370	0.973201
45371	0.994066
45372	1.00813
45373	0.988641
45374	1.00623
45375	1.02672
45376	0.990558
45377	0.98436
45378	0.988777
45379	0.989852
45380	0.983621
45381	1.01127
45382	0.981172
45383	0.990847
45384	0.979885
45385	0.974012
45386	0.995203
45387	0.995644
45388	0.979021
45389	0.98657
45390	0.988428
45391	0.985266
45392	0.981624
45393	1.01925
45394	1.00172
45395	1.00181
45396	1.00825
45397	1.01766
45398	0.983066
45399	0.98054
45400	0.985352
45401	1.0054
45402	0.987284
45403	1.03289
45404	0.979829
45405	0.985192
45406	0.993187
45407	0.99012
45408	0.988858
45409	1.00376
45410	0.986602
45411	0.98508
45412	0.992775
45413	0.998335
45414	0.97701
45415	0.992154
45416	0.99443
45417	0.97109
45418	0.986393
45419	0.99939
45420	0.983389
45421	0.976791
45422	0.985185
45423	0.989361
45424	0.979262
45425	0.989217
45426	0.98375
45427	0.989682
45428	0.999315
45429	0.994244
45430	0.988176
45431	1.0041
45432	0.996347
45433	0.985022
45434	1.02514
45435	0.994373
45436	1.00727
45437	0.987507
45438	0.979165
45439	0.99276
45440	1.01392
45441	1.02063
45442	0.987882
45443	0.988716
45444	0.987297
45445	0.989225
45446	1
45447	1
45448	1
45449	1
45450	1
45451	1
45452	1
45453	1
45454	0.995963
45455	0.981918
45456	0.983512
45457	1
45458	0.983928
45459	0.998372
45460	1.00488
45461	1.00328
45462	0.975083
45463	1.00712
45464	0.99349
45465	0.983001
45466	0.98471
45467	0.981352
45468	0.987451
45469	0.978937
45470	0.98665
45471	0.999855
45472	0.981036
45473	0.9749
45474	0.999313
45475	0.989242
45476	0.985263
45477	0.986724
45478	0.98681
45479	0.981747
45480	0.982163
45481	1.00329
45482	1.01028
45483	0.986296
45484	0.97782
45485	0.984493
45486	0.996638
45487	0.989941
45488	0.999866
45489	0.990312
45490	1.00801
45491	1.0058
45492	0.993033
45493	0.990331
45494	0.996362
45495	0.983582
45496	0.993486
45497	0.989163
45498	0.995487
45499	0.989696
45500	0.973997
45501	0.984299
45502	1.00569
45503	0.995919
45504	0.992167
45505	0.985104
45506	1.00896
45507	1.00131
45508	0.975016
45509	0.985482
45510	0.993723
45511	0.999221
45512	0.994722
45513	1.00493
45514	1.00746
45515	0.980938
45516	1.00433
45517	1.02001
45518	0.992069
45519	1.0039
45520	0.988936
45521	0.991982
45522	0.996472
45523	0.987273
45524	0.993718
45525	0.990591
45526	0.999252
45527	1.01992
45528	1.00741
45529	0.99297
45530	0.988592
45531	1.05184
45532	0.994452
45533	0.995392
45534	0.994867
45535	0.999461
45536	1.00154
45537	1.04948
45538	1.01138
45539	0.993644
45540	0.995094
45541	0.986994
45542	0.982103
45543	0.995196
45544	0.990519
45545	0.994007
45546	1.01034
45547	1.01992
45548	0.982624
45549	0.981899
45550	1.01764
45551	1.02571
45552	0.98431
45553	0.990981
45554	1.02015
45555	0.985054
45556	1.00249
45557	0.991181
45558	0.981639
45559	0.980785
45560	1.00705
45561	1.01037
45562	0.986327
45563	0.995407
45564	1.00833
45565	0.977059
45566	0.999926
45567	0.981801
45568	0.983731
45569	1.00395
45570	0.973553
45571	0.989613
45572	0.992239
45573	0.996327
45574	0.985953
45575	0.985417
45576	1.00248
45577	1.00838
45578	0.993016
45579	0.985365
45580	0.991106
45581	0.98544
45582	0.998699
45583	0.995936
45584	0.982464
45585	1.04031
45586	0.984666
45587	0.997571
45588	1.00721
45589	1.00273
45590	0.997951
45591	0.996419
45592	0.98633
45593	0.985453
45594	0.998794
45595	0.984701
45596	1.01266
45597	0.984328
45598	0.980116
45599	0.982573
45600	0.985692
45601	0.98231
45602	1.02789
45603	1.01665
45604	0.983715
45605	1.00003
45606	0.993193
45607	0.98817
45608	0.991391
45609	0.987764
45610	1.00084
45611	0.975717
45612	0.985797
45613	0.962144
45614	0.976605
45615	0.988808
45616	0.987856
45617	0.967713
45618	0.96757
45619	1.01663
45620	0.999883
45621	0.984599
45622	1.0133
45623	0.981823
45624	0.988032
45625	0.983982
45626	0.990136
45627	0.98004
45628	1.00716
45629	1
45630	0.976605
45631	1.00405
45632	0.977224
45633	1.00768
45634	0.986388
45635	0.986517
45636	0.985289
45637	0.996626
45638	1.00443
45639	1.01516
45640	0.983162
45641	0.979423
45642	0.984242
45643	1.00516
45644	0.996446
45645	0.986234
45646	1.00339
45647	0.992969
45648	1.00094
45649	0.994018
45650	0.996466
45651	0.998258
45652	0.973013
45653	1.00469
45654	0.984264
45655	1.01417
45656	0.97846
45657	0.987068
45658	0.991158
45659	0.988798
45660	0.997255
45661	1.00134
45662	0.996347
45663	0.992577
45664	1.01388
45665	0.977633
45666	1.03704
45667	1.01144
45668	0.98995
45669	1.01113
45670	1.01639
45671	1.01969
45672	1.00639
45673	0.983792
45674	1.01246
45675	0.991102
45676	0.992588
45677	0.982479
45678	0.979703
45679	1.00024
45680	0.988191
45681	1.00073
45682	0.994326
45683	1.0117
45684	0.984939
45685	1.00334
45686	0.973811
45687	0.999122
45688	0.991962
45689	0.997821
45690	1.00202
45691	0.986642
45692	0.988988
45693	0.99676
45694	0.992567
45695	1.00729
45696	1.00661
45697	0.988037
45698	0.988538
45699	1.01076
45700	0.989426
45701	0.990591
45702	0.988952
45703	0.989786
45704	0.993629
45705	1.02359
45706	1.01065
45707	0.990652
45708	0.989248
45709	0.993301
45710	0.985968
45711	1.02167
45712	1.01074
45713	0.994731
45714	0.994848
45715	0.998605
45716	0.99198
45717	0.98842
45718	0.987076
45719	1.03021
45720	0.994264
45721	1.00971
45722	0.990496
45723	0.97746
45724	1.00602
45725	1.00965
45726	0.995018
45727	1.01314
45728	1.01564
45729	0.996175
45730	0.98918
45731	0.993676
45732	0.991625
45733	0.980586
45734	0.996381
45735	0.982956
45736	0.995672
45737	0.997457
45738	0.990481
45739	1.0029
45740	0.995814
45741	1.00638
45742	0.983578
45743	0.987895
45744	0.996058
45745	1.00823
45746	1.00479
45747	0.997286
45748	1.0127
45749	1.01104
45750	0.997324
45751	0.986247
45752	0.999791
45753	0.9841
45754	1.00025
45755	0.998504
45756	0.979741
45757	0.984718
45758	0.995844
45759	0.989058
45760	1.00988
45761	0.991325
45762	1.00062
45763	1.00146
45764	1.00292
45765	0.9923
45766	0.984929
45767	0.998941
45768	0.991402
45769	1.00628
45770	0.991591
45771	1.01242
45772	1.04418
45773	1.00457
45774	0.984234
45775	0.993956
45776	1.00818
45777	0.984142
45778	1.0154
45779	1.00817
45780	0.978329
45781	1.00791
45782	0.994184
45783	0.988968
45784	0.994892
45785	0.99186
45786	0.996398
45787	1.0061
45788	1.00294
45789	0.996227
45790	1.00033
45791	0.996246
45792	0.996989
45793	0.985028
45794	1.03311
45795	1.0227
45796	1.00876
45797	0.978545
45798	0.991442
45799	0.993106
45800	0.984419
45801	0.998871
45802	0.995613
45803	0.992098
45804	0.997812
45805	0.998125
45806	1.00889
45807	0.997623
45808	0.985153
45809	0.975639
45810	0.976137
45811	1.00021
45812	0.993101
45813	0.993674
45814	0.989931
45815	1.01153
45816	1.00425
45817	0.99392
45818	1.00052
45819	1.00836
45820	1
45821	0.979256
45822	1.01266
45823	1.03662
45824	1
45825	0.985231
45826	1.00473
45827	1.00616
45828	0.995204
45829	0.98754
45830	0.994382
45831	0.987561
45832	0.999584
45833	1.00294
45834	1.01348
45835	0.993028
45836	0.998509
45837	1
45838	1
45839	1
45840	0.98788
45841	0.997264
45842	1.00085
45843	0.99828
45844	0.993612
45845	0.993207
45846	0.998904
45847	0.998795
45848	1.01875
45849	1.0177
45850	0.99973
45851	1.01008
45852	1.00024
45853	1.00231
45854	1.00648
45855	1.02401
45856	1.00568
45857	1.00304
45858	1.00565
45859	1.00293
45860	1.01611
45861	1.00305
45862	1.00156
45863	1.0171
45864	1.00288
45865	0.999576
45866	0.998868
45867	1.0205
45868	1.00089
45869	1.04087
45870	1.04111
45871	1.00278
45872	0.998307
45873	1.00104
45874	1.00093
45875	0.99434
45876	1.00026
45877	1.00117
45878	1.02545
45879	1.00376
45880	1
45881	1
45882	1
45883	1
45884	1
45885	1
45886	1
45887	1
45888	1
45889	1
45890	1
45891	1
45892	1
45893	1
45894	1
45895	1
45896	1
45897	1
45898	1
45899	1
45900	1
45901	1
45902	1
45903	1
45904	1
45905	1
45906	1
45907	1
45908	1
45909	1
45910	1
45911	1
45912	1
45913	1
45914	1
45915	1
45916	1
45917	1
45918	1
45919	1
45920	1
45921	1
45922	1
45923	1
45924	1
45925	1
45926	1
45927	1
45928	1
45929	1
45930	1
45931	1
45932	1
45933	1
45934	1
45935	1
45936	1
45937	1
45938	1
45939	1
45940	1
45941	1
45942	1
45943	1
45944	1
45945	1
45946	1
45947	1
45948	1
45949	1
45950	1
45951	1
45952	1
45953	1
45954	1
45955	1
45956	1
45957	1
45958	1
45959	1
45960	1
45961	1
45962	1
45963	1
45964	1
45965	1
45966	1
45967	1
45968	1
45969	1
45970	1
45971	1
45972	1
45973	1
45974	1
45975	1
45976	1
45977	1
45978	1
45979	1
45980	1
45981	1
45982	1
45983	1
45984	1
45985	1
45986	1
45987	1
45988	1
45989	1
45990	1
45991	1
45992	1
45993	1
45994	1
45995	1
45996	1
45997	1
45998	1
45999	1
46000	1
46001	1
46002	1
46003	1
46004	1
46005	1
46006	1
46007	1
46008	1
46009	1
46010	1
46011	1
46012	1
46013	1
46014	1
46015	1
46016	1
46017	1
46018	1
46019	1
46020	1
46021	1
46022	1
46023	1
46024	1
46025	1
46026	1
46027	1
46028	1
46029	1
46030	1
46031	1
46032	1
46033	1
46034	1
46035	1
46036	1
46037	1
46038	1
46039	1
46040	1
46041	1
46042	1
46043	1
46044	1
46045	1
46046	1
46047	1
46048	1
46049	1
46050	1
46051	1
46052	1
46053	1
46054	1
46055	1
46056	1
46057	1
46058	1
46059	1
46060	1
46061	1
46062	1
46063	1
46064	1
46065	1
46066	1
46067	1
46068	1
46069	1
46070	1
46071	1
46072	1
46073	1
46074	1
46075	1
46076	1
46077	1
46078	1
46079	1
46080	1
46081	1
46082	1
46083	1
46084	1
46085	1
46086	1
46087	1
46088	1
46089	1
46090	1
46091	1
46092	1
46093	1
46094	1
46095	1
46096	1
46097	1
46098	1
46099	1
46100	1
46101	1
46102	1
46103	1
46104	1
46105	1
46106	1
46107	1
46108	1
46109	1
46110	1
46111	1
46112	1
46113	1
46114	1
46115	1
46116	1
46117	1
46118	1
46119	1
46120	1
46121	1
46122	1
46123	1
46124	1
46125	1
46126	1
46127	1
46128	1
46129	1
46130	1
46131	1
46132	1
46133	1
46134	1
46135	1
46136	1
46137	1
46138	1
46139	1
46140	1
46141	1
46142	1
46143	1
46144	1
46145	1
46146	1
46147	1
46148	1
46149	1
46150	1
46151	1
46152	1
46153	1
46154	1
46155	1
46156	1
46157	1
46158	1
46159	1
46160	1
46161	1
46162	1
46163	1
46164	1
46165	1
46166	1
46167	1
46168	1
46169	1
46170	1
46171	1
46172	1
46173	1
46174	1
46175	1
46176	1
46177	1
46178	1
46179	1
46180	1
46181	1
46182	1
46183	1
46184	1
46185	1
46186	1
46187	1
46188	1
46189	1
46190	1
46191	1
46192	1
46193	1
46194	1
46195	1
46196	1
46197	1
46198	1
46199	1
46200	1
46201	1
46202	1
46203	1
46204	1
46205	1
46206	1
46207	1
46208	1
46209	1
46210	1
46211	1
46212	1
46213	1
46214	1
46215	1
46216	1
46217	1
46218	1
46219	1
46220	1
46221	1
46222	1
46223	1
46224	1
46225	1
46226	1
46227	1
46228	1
46229	1
46230	1
46231	1
46232	1
46233	1
46234	1
46235	1
46236	1
46237	1
46238	1
46239	1
46240	1
46241	1
46242	1
46243	1
46244	1
46245	1
46246	1
46247	1
46248	1
46249	1
46250	1
46251	1
46252	1
46253	1
46254	1
46255	1
46256	1
46257	1
46258	1
46259	1
46260	1
46261	1
46262	1
46263	1
46264	1
46265	1
46266	1
46267	1
46268	1
46269	1
46270	1
46271	1
46272	1
46273	1
46274	1
46275	1
46276	1
46277	1
46278	1
46279	1
46280	1
46281	1
46282	1
46283	1
46284	1
46285	1
46286	1
46287	1
46288	1
46289	1
46290	1
46291	1
46292	1
46293	1
46294	1
46295	1
46296	1
46297	1
46298	1
46299	1
46300	1
46301	1
46302	1
46303	1
46304	1
46305	1
46306	1
46307	1
46308	1
46309	1
46310	1
46311	1
46312	1
46313	1
46314	1
46315	1
46316	1
46317	1
46318	1
46319	1
46320	1
46321	1
46322	1
46323	1
46324	1
46325	1
46326	1
46327	1
46328	1
46329	1
46330	1
46331	1
46332	1
46333	1
46334	1
46335	1
46336	1
46337	1
46338	1
46339	1
46340	1
46341	1
46342	1
46343	1
46344	1
46345	1
46346	1
46347	1
46348	1
46349	1
46350	1
46351	1
46352	1
46353	1
46354	1
46355	1
46356	1
46357	1
46358	1
46359	1
46360	1
46361	1
46362	1
46363	1
46364	1
46365	1
46366	1
46367	1
46368	1
46369	1
46370	1
46371	1
46372	1
46373	1
46374	1
46375	1
46376	1
46377	1
46378	1
46379	1
46380	1
46381	1
46382	1
46383	1
46384	1
46385	1
46386	1
46387	1
46388	1
46389	1
46390	1
46391	1
46392	1
46393	1
46394	1
46395	1
46396	1
46397	1
46398	1
46399	1
46400	1
46401	1
46402	1
46403	1
46404	1
46405	1
46406	1
46407	1
46408	1
46409	1
46410	1
46411	1
46412	1
46413	1
46414	1
46415	1
46416	1
46417	1
46418	1
46419	1
46420	1
46421	1
46422	1
46423	1
46424	1
46425	1
46426	1
46427	1
46428	1
46429	1
46430	1
46431	1
46432	1
46433	1
46434	1
46435	1
46436	1
46437	1
46438	1
46439	1
46440	1
46441	1
46442	1
46443	1
46444	1
46445	1
46446	1
46447	1
46448	1
46449	1
46450	1
46451	1
46452	1
46453	1
46454	1
46455	1
46456	1
46457	1
46458	1
46459	1
46460	1
46461	1
46462	1
46463	1
46464	1
46465	1
46466	1
46467	1
46468	1
46469	1
46470	1
46471	1
46472	1
46473	1
46474	1
46475	1
46476	1
46477	1
46478	1
46479	1
46480	1
46481	1
46482	1
46483	1
46484	1
46485	1
46486	1
46487	1
46488	1
46489	1
46490	1
46491	1
46492	1
46493	1
46494	1
46495	1
46496	1
46497	1
46498	1
46499	1
46500	1
46501	1
46502	1
46503	1
46504	1
46505	1
46506	1
46507	1
46508	1
46509	1
46510	1
46511	1
46512	1
46513	1
46514	1
46515	1
46516	1
46517	1
46518	1
46519	1
46520	1
46521	1
46522	1
46523	1
46524	1
46525	1
46526	1
46527	1
46528	1
46529	1
46530	1
46531	1
46532	1
46533	1
46534	1
46535	1
46536	1
46537	1
46538	1
46539	1
46540	1
46541	1
46542	1
46543	1
46544	1
46545	1
46546	1
46547	1
46548	1
46549	1
46550	1
46551	1
46552	1
46553	1
46554	1
46555	1
46556	1
46557	1
46558	1
46559	1
46560	1
46561	1
46562	1
46563	1
46564	1
46565	1
46566	1
46567	1
46568	1
46569	1
46570	1
46571	1
46572	1
46573	1
46574	1
46575	1
46576	1
46577	1
46578	1
46579	1
46580	1
46581	1
46582	1
46583	1
46584	1
46585	1
46586	1
46587	1
46588	1
46589	1
46590	1
46591	1
46592	1
46593	1
46594	1
46595	1
46596	1
46597	1
46598	1
46599	1
46600	1
46601	1
46602	1
46603	1
46604	1
46605	1
46606	1
46607	1
46608	1
46609	1
46610	1
46611	1
46612	1
46613	1
46614	1
46615	1
46616	1
46617	1
46618	1
46619	1
46620	1
46621	1
46622	1
46623	1
46624	1
46625	1
46626	1
46627	1
46628	1
46629	1
46630	1
46631	1
46632	1
46633	1
46634	1
46635	1
46636	1
46637	1
46638	1
46639	1
46640	1
46641	1
46642	1
46643	1
46644	1
46645	1
46646	1
46647	1
46648	1
46649	1
46650	1
46651	1
46652	1
46653	1
46654	1
46655	1
46656	1
46657	1
46658	1
46659	1
46660	1
46661	1
46662	1
46663	1
46664	1
46665	1
46666	1
46667	1
46668	1
46669	1
46670	1
46671	1
46672	1
46673	1
46674	1
46675	1
46676	1
46677	1
46678	1
46679	1
46680	1
46681	1
46682	1
46683	1
46684	1
46685	1
46686	1
46687	1
46688	1
46689	1
46690	1
46691	1
46692	1
46693	1
46694	1
46695	1
46696	1
46697	1
46698	1
46699	1
46700	1
46701	1
46702	1
46703	1
46704	1
46705	1
46706	1
46707	1
46708	1
46709	1
46710	1
46711	1
46712	1
46713	1
46714	1
46715	1
46716	1
46717	1
46718	1
46719	1
46720	1
46721	1
46722	1
46723	1
46724	1
46725	1
46726	1
46727	1
46728	1
46729	1
46730	1
46731	1
46732	1
46733	1
46734	1
46735	1
46736	1
46737	1
46738	1
46739	1
46740	1
46741	1
46742	1
46743	1
46744	1
46745	1
46746	1
46747	1
46748	1
46749	1
46750	1
46751	1
46752	1
46753	1
46754	1
46755	1
46756	1
46757	1
46758	1
46759	1
46760	1
46761	1
46762	1
46763	1
46764	1
46765	1
46766	1
46767	1
46768	1
46769	1
46770	1
46771	1
46772	1
46773	1
46774	1
46775	1
46776	1
46777	1
46778	1
46779	1
46780	1
46781	1
46782	1
46783	1
46784	1
46785	1
46786	1
46787	1
46788	1
46789	1
46790	1
46791	1
46792	1
46793	1
46794	1
46795	1
46796	1
46797	1
46798	1
46799	1
46800	1
46801	1
46802	1
46803	1
46804	1
46805	1
46806	1
46807	1
46808	1
46809	1
46810	1
46811	1
46812	1
46813	1
46814	1
46815	1
46816	1
46817	1
46818	1
46819	1
46820	1
46821	1
46822	1
46823	1
46824	1
46825	1
46826	1
46827	1
46828	1
46829	1
46830	1
46831	1
46832	1
46833	1
46834	1
46835	1
46836	1
46837	1
46838	1
46839	1
46840	1
46841	1
46842	1
46843	1
46844	1
46845	1
46846	1
46847	1
46848	1
46849	1
46850	1
46851	1
46852	1
46853	1
46854	1
46855	1
46856	1
46857	1
46858	1
46859	1
46860	1
46861	1
46862	1
46863	1
46864	1
46865	1
46866	1
46867	1
46868	1
46869	1
46870	1
46871	1
46872	1
46873	1
46874	1
46875	1
46876	1
46877	1
46878	1
46879	1
46880	1
46881	1
46882	1
46883	1
46884	1
