4 14   4  4  1  2     8       8     2.    18. 
   0.0100    0.3000 
     10.100894     -49.971249     119.724127    -114.881754       0.000000  0.000000 
   0.0100    0.3000 
     10.162322     -51.103861     125.866577    -125.246948       0.000000  0.000000 
   0.0100    0.3000 
     10.097340     -50.279235     122.218121    -120.173223       0.000000  0.000000 
   0.0100    0.3000 
     10.052749     -49.961118     121.356992    -118.966512       0.000000  0.000000 
   0.0100    0.3000 
      9.999187     -49.348213     118.259065    -113.441654       0.000000  0.000000 
   0.0100    0.3000 
      9.867067     -47.772281     111.094829    -102.276409       0.000000  0.000000 
   0.0100    0.3000 
      9.820799     -48.204184     116.452077    -114.700732       0.000000  0.000000 
   0.0100    0.3000 
      9.670637     -45.910013     104.125999     -93.068818       0.000000  0.000000 
5 14   4  5  1  2     8       8     2.    18. 
   0.3000    0.5000 
      7.659234     -26.296346      40.188700     -23.539581       0.000000  0.000000 
   0.3000    0.5000 
      6.886817     -20.553374      26.075854     -12.084311       0.000000  0.000000 
   0.3000    0.5000 
      6.946969     -21.146028      27.826643     -13.717540       0.000000  0.000000 
   0.3000    0.5000 
      6.994521     -21.587660      29.048409     -14.796926       0.000000  0.000000 
   0.3000    0.5000 
      6.655032     -19.023031      22.592625      -9.414408       0.000000  0.000000 
   0.3000    0.5000 
      6.479879     -17.756464      19.467540      -6.831165       0.000000  0.000000 
   0.3000    0.5000 
      6.271557     -16.375237      16.280985      -4.315152       0.000000  0.000000 
   0.3000    0.5000 
      5.829798     -13.182295       8.611085       1.776764       0.000000  0.000000 
6 14   4  6  1  2     8       8     2.    18. 
   0.4600    0.6500 
     -0.240048      14.286694     -31.467097      19.658453       0.000000  0.000000 
   0.4600    0.6500 
      0.169113      12.077709     -27.522180      17.325469       0.000000  0.000000 
   0.4600    0.6500 
      0.156834      11.925676     -26.904411      16.773436       0.000000  0.000000 
   0.4600    0.6500 
     -0.967652      18.009033     -37.867562      23.344064       0.000000  0.000000 
   0.4600    0.6500 
     -0.684122      16.157490     -34.032812      20.778643       0.000000  0.000000 
   0.4600    0.6500 
     -1.515971      20.691380     -42.301694      25.806598       0.000000  0.000000 
   0.4600    0.6500 
     -1.556247      20.645381     -41.845570      25.348918       0.000000  0.000000 
   0.4600    0.6500 
     -2.238246      23.845354     -46.793270      27.859306       0.000000  0.000000 
7 14   4  7  1  2     8       8     2.    18. 
   0.6200    0.8400 
     -1.197311      12.364068     -19.656152       9.305332       0.000000  0.000000 
   0.6200    0.8400 
     -0.711313      10.381312     -16.975411       8.102313       0.000000  0.000000 
   0.6200    0.8400 
     -0.914226      11.103943     -17.818710       8.422809       0.000000  0.000000 
   0.6200    0.8400 
     -1.247331      12.345861     -19.359018       9.056917       0.000000  0.000000 
   0.6200    0.8400 
     -1.219862      12.246972     -19.251371       9.021265       0.000000  0.000000 
   0.6200    0.8400 
     -1.654815      13.877776     -21.299967       9.881519       0.000000  0.000000 
   0.6200    0.8400 
     -1.767213      14.198003     -21.575199       9.941984       0.000000  0.000000 
   0.6200    0.8400 
     -3.255786      20.163803     -29.540049      13.481032       0.000000  0.000000 
8 14   4  8  1  2     8       8     2.    18. 
   0.7900    0.8118 
     -5.060829      21.037408     -24.354242       9.030946       0.000000  0.000000 
   0.7900    0.8107 
     -5.066462      21.042064     -24.350758       9.028270       0.000000  0.000000 
   0.7900    0.8090 
     -4.936039      20.509584     -23.656221       8.734300       0.000000  0.000000 
   0.7900    0.8051 
     -5.466361      22.107174     -25.252070       9.262182       0.000000  0.000000 
   0.7900    0.8036 
     -5.078995      20.772793     -23.732288       8.687734       0.000000  0.000000 
   0.7900    0.8006 
     -3.462531      15.163310     -17.290337       6.236949       0.000000  0.000000 
   0.7900    0.7953 
     -4.702423      19.211573     -21.703937       7.841247       0.000000  0.000000 
   0.7900    0.7885 
     -6.870877      26.250589     -29.313525      10.579315       0.000000  0.000000 
14 14   4  4  0  2     8       8     2.    18. 
   0.1100    0.2900 
     -1.147820       9.746176      58.438312    -160.454816       0.000000  0.000000 
   0.1100    0.2900 
     -1.143272       9.759627      57.593670    -158.235644       0.000000  0.000000 
   0.1100    0.2900 
     -1.029177       7.941421      66.078986    -171.032277       0.000000  0.000000 
   0.1100    0.2900 
     -1.072437       8.808298      59.924626    -158.839806       0.000000  0.000000 
   0.1100    0.2900 
     -0.818216       4.592661      81.066250    -193.456717       0.000000  0.000000 
   0.1100    0.2900 
     -0.821622       4.955478      76.169463    -181.278752       0.000000  0.000000 
   0.1100    0.2900 
     -0.626419       1.864135      90.386459    -203.182169       0.000000  0.000000 
   0.1100    0.2900 
     -0.441303      -0.991962     103.139209    -221.949131       0.000000  0.000000 
15 14   4  5  0  2     8       8     2.    18. 
   0.2200    0.4500 
     -0.784517       2.697733      19.343645     -30.264129       0.000000  0.000000 
   0.2200    0.4500 
     -0.783797       2.783415      18.772477     -29.474832       0.000000  0.000000 
   0.2200    0.4500 
     -1.064712       5.159336      11.975816     -23.085399       0.000000  0.000000 
   0.2200    0.4500 
     -1.058053       5.102068      11.917503     -22.877564       0.000000  0.000000 
   0.2200    0.4500 
     -0.863138       3.371467      16.643544     -27.129449       0.000000  0.000000 
   0.2200    0.4500 
     -0.477675      -0.097563      26.472861     -36.277470       0.000000  0.000000 
   0.2200    0.4500 
      0.203970      -6.056657      43.111235     -51.562634       0.000000  0.000000 
   0.2200    0.4500 
     -1.048366       4.812388      11.879890     -22.189622       0.000000  0.000000 
16 14   4  6  0  2     8       8     2.    18. 
   0.3500    0.6100 
     -1.158702       4.526561       2.610555      -6.320281       0.000000  0.000000 
   0.3500    0.6100 
     -1.370270       5.849708      -0.153773      -4.419969       0.000000  0.000000 
   0.3500    0.6100 
     -1.472285       6.492857      -1.567511      -3.399763       0.000000  0.000000 
   0.3500    0.6100 
     -1.611582       7.392099      -3.599247      -1.891584       0.000000  0.000000 
   0.3500    0.6100 
     -1.529498       6.802167      -2.368118      -2.730408       0.000000  0.000000 
   0.3500    0.6100 
     -1.381752       5.923410      -0.817077      -3.605148       0.000000  0.000000 
   0.3500    0.6100 
     -1.091896       4.111466       2.742348      -5.914342       0.000000  0.000000 
   0.3500    0.6100 
     -0.626115       1.185280       8.650754      -9.847223       0.000000  0.000000 
17 14   4  7  0  2     8       8     2.    18. 
   0.5300    0.7800 
     -0.953730       2.627252       1.455632      -2.446408       0.000000  0.000000 
   0.5300    0.7800 
     -1.538457       5.329903      -2.708567      -0.317431       0.000000  0.000000 
   0.5300    0.7800 
     -1.374000       4.565615      -1.565591      -0.883774       0.000000  0.000000 
   0.5300    0.7800 
     -1.299021       4.184156      -0.978654      -1.179813       0.000000  0.000000 
   0.5300    0.7800 
     -0.960075       2.732656       1.002253      -2.058946       0.000000  0.000000 
   0.5300    0.7800 
     -2.762311      10.746208     -10.881828       3.789979       0.000000  0.000000 
   0.5300    0.7800 
      2.628721     -13.277552      24.551773     -13.545316       0.000000  0.000000 
   0.5300    0.7727 
      3.026131     -15.129829      27.340045     -14.931681       0.000000  0.000000 
18 14   4  8  0  2     8       8     2.    18. 
   0.7500    0.6427 
     -0.463052       0.540486       2.294209      -1.728076       0.000000  0.000000 
   0.7500    0.6427 
     -0.463052       0.540486       2.294209      -1.728076       0.000000  0.000000 
   0.7500    0.6396 
     -0.130220      -0.604278       3.561349      -2.185768       0.000000  0.000000 
   0.7500    0.6374 
     -1.242899       3.361246      -1.161926      -0.314289       0.000000  0.000000 
   0.7500    0.6317 
      0.674607      -3.225123       6.330772      -3.145844       0.000000  0.000000 
   0.7500    0.6240 
      3.472103     -12.890897      17.399835      -7.358005       0.000000  0.000000 
   0.7500    0.6205 
      0.966261      -4.098431       7.098783      -3.341354       0.000000  0.000000 
   0.7500    0.6141 
      3.182243     -11.739152      15.823446      -6.650234       0.000000  0.000000 
